-2.07873516851468 0.35300584027333 -0.42090259123331 1
-2.07873516851468 -0.262491522254527 -0.142725068733542 1
-2.07873516851468 0.660754521537259 -0.559991352483195 1
-1.98617216479444 -1.18573756604631 -0.281813829983426 1
-1.98617216479444 0.660754521537259 -0.0036363074836571 1
-1.80104615735396 -1.49348624731024 0.83089626001565 1
-1.80104615735396 -0.877988884782384 -0.559991352483195 1
-1.70848315363372 -1.18573756604631 -0.559991352483195 -1
-1.70848315363372 0.968503202801188 0.691807498765765 -1
-1.70848315363372 -1.49348624731024 3.61267148501334 1
-1.70848315363372 -0.877988884782384 -0.42090259123331 1
-1.70848315363372 -0.570240203518456 0.83089626001565 1
-1.70848315363372 1.27625188406512 0.413629976265996 1
-1.70848315363372 -0.877988884782384 -0.559991352483195 1
-1.61592014991348 0.35300584027333 1.2481625437653 1
-1.61592014991348 0.0452571590094017 -0.559991352483195 1
-1.52335714619324 -0.877988884782384 -0.42090259123331 1
-1.52335714619324 1.89174924659297 -0.559991352483195 1
-1.430794142473 -0.877988884782384 -0.559991352483195 1
-1.430794142473 0.0452571590094017 -0.559991352483195 1
-1.430794142473 -1.49348624731024 -0.559991352483195 1
-1.430794142473 -1.18573756604631 0.274541215016112 1
-1.430794142473 -0.877988884782384 1.52634006626507 1
-1.430794142473 0.0452571590094017 -0.559991352483195 1
-1.33823113875276 1.89174924659297 2.36087263376438 -1
-1.33823113875276 -1.18573756604631 -0.281813829983426 1
-1.33823113875276 -0.877988884782384 -0.559991352483195 1
-1.33823113875276 -0.877988884782384 -0.559991352483195 1
-1.33823113875276 -0.262491522254527 -0.142725068733542 1
-1.33823113875276 0.35300584027333 -0.42090259123331 1
-1.33823113875276 0.968503202801188 -0.559991352483195 1
-1.33823113875276 0.968503202801188 0.969985021265534 1
-1.33823113875276 -0.877988884782384 -0.42090259123331 1
-1.33823113875276 1.27625188406512 0.135452453766227 1
-1.24566813503252 0.968503202801188 -0.559991352483195 -1
-1.24566813503252 0.0452571590094017 -0.559991352483195 1
-1.24566813503252 1.27625188406512 -0.559991352483195 1
-1.24566813503252 -1.49348624731024 -0.559991352483195 1
-1.24566813503252 -1.18573756604631 -0.281813829983426 1
-1.24566813503252 0.0452571590094017 -0.0036363074836571 1
-1.15310513131228 -1.49348624731024 -0.281813829983426 1
-1.15310513131228 -1.49348624731024 -0.559991352483195 1
-1.15310513131228 0.660754521537259 -0.559991352483195 1
-1.06054212759204 -0.877988884782384 2.63905015626415 -1
-1.06054212759204 0.35300584027333 -0.559991352483195 -1
-1.06054212759204 1.27625188406512 -0.559991352483195 -1
-1.06054212759204 -1.49348624731024 -0.559991352483195 1
-1.06054212759204 -1.18573756604631 0.552718737515881 1
-1.06054212759204 -1.18573756604631 -0.559991352483195 1
-1.06054212759204 0.35300584027333 -0.559991352483195 1
-1.06054212759204 1.89174924659297 0.552718737515881 1
-1.06054212759204 0.660754521537259 -0.559991352483195 1
-1.06054212759204 0.660754521537259 -0.559991352483195 1
-0.967979123871796 1.89174924659297 -0.42090259123331 -1
-0.967979123871796 -1.18573756604631 -0.559991352483195 -1
-0.967979123871796 -1.49348624731024 -0.559991352483195 1
-0.967979123871796 -0.877988884782384 -0.42090259123331 1
-0.967979123871796 -1.18573756604631 -0.281813829983426 1
-0.967979123871796 -0.570240203518456 -0.0036363074836571 1
-0.967979123871796 -0.262491522254527 2.22178387251449 1
-0.967979123871796 0.660754521537259 -0.559991352483195 1
-0.967979123871796 0.0452571590094017 -0.42090259123331 1
-0.875416120151555 -1.49348624731024 6.6726242325108 -1
-0.875416120151555 -1.18573756604631 -0.281813829983426 -1
-0.875416120151555 0.35300584027333 -0.559991352483195 -1
-0.875416120151555 0.35300584027333 -0.559991352483195 -1
-0.875416120151555 0.0452571590094017 1.38725130501519 1
-0.875416120151555 0.35300584027333 -0.281813829983426 1
-0.875416120151555 0.35300584027333 -0.142725068733542 1
-0.875416120151555 -0.877988884782384 -0.559991352483195 1
-0.875416120151555 0.0452571590094017 -0.281813829983426 1
-0.875416120151555 0.660754521537259 -0.559991352483195 1
-0.875416120151555 0.968503202801188 -0.0036363074836571 1
-0.782853116431315 0.35300584027333 0.274541215016112 -1
-0.782853116431315 -1.49348624731024 0.691807498765765 -1
-0.782853116431315 0.0452571590094017 2.08269511126461 -1
-0.782853116431315 -0.570240203518456 -0.559991352483195 1
-0.782853116431315 0.0452571590094017 -0.42090259123331 1
-0.782853116431315 -0.570240203518456 -0.559991352483195 1
-0.782853116431315 1.27625188406512 1.66542882751496 1
-0.690290112711074 0.660754521537259 0.274541215016112 -1
-0.690290112711074 0.968503202801188 -0.559991352483195 -1
-0.690290112711074 1.27625188406512 -0.42090259123331 -1
-0.690290112711074 -0.877988884782384 -0.559991352483195 1
-0.690290112711074 1.27625188406512 -0.559991352483195 1
-0.690290112711074 -1.18573756604631 1.38725130501519 1
-0.690290112711074 0.35300584027333 -0.559991352483195 1
-0.690290112711074 1.58400056532904 -0.559991352483195 1
-0.690290112711074 1.27625188406512 -0.42090259123331 1
-0.597727108990834 -1.49348624731024 -0.281813829983426 -1
-0.597727108990834 1.89174924659297 -0.142725068733542 -1
-0.597727108990834 -0.262491522254527 0.135452453766227 -1
-0.597727108990834 0.660754521537259 2.22178387251449 -1
-0.597727108990834 -0.262491522254527 -0.559991352483195 1
-0.597727108990834 -1.49348624731024 -0.142725068733542 1
-0.597727108990834 0.0452571590094017 -0.559991352483195 1
-0.505164105270593 0.0452571590094017 2.63905015626415 -1
-0.505164105270593 -0.262491522254527 -0.559991352483195 -1
-0.505164105270593 0.660754521537259 -0.559991352483195 -1
-0.505164105270593 -0.570240203518456 -0.559991352483195 1
-0.505164105270593 0.0452571590094017 0.274541215016112 1
-0.505164105270593 0.968503202801188 -0.559991352483195 1
-0.505164105270593 1.27625188406512 -0.559991352483195 1
-0.505164105270593 -1.49348624731024 -0.142725068733542 1
-0.505164105270593 -0.877988884782384 -0.0036363074836571 1
-0.505164105270593 1.58400056532904 -0.0036363074836571 1
-0.505164105270593 0.968503202801188 1.10907378251542 1
-0.412601101550353 -1.49348624731024 0.969985021265534 -1
-0.412601101550353 -1.49348624731024 0.969985021265534 -1
-0.412601101550353 1.27625188406512 0.413629976265996 -1
-0.412601101550353 -0.570240203518456 0.552718737515881 1
-0.412601101550353 -0.262491522254527 -0.281813829983426 1
-0.412601101550353 0.35300584027333 -0.559991352483195 1
-0.412601101550353 0.968503202801188 -0.559991352483195 1
-0.320038097830112 0.0452571590094017 -0.559991352483195 -1
-0.320038097830112 0.35300584027333 0.83089626001565 -1
-0.320038097830112 -0.570240203518456 -0.42090259123331 1
-0.320038097830112 -0.262491522254527 -0.559991352483195 1
-0.320038097830112 0.968503202801188 -0.559991352483195 1
-0.320038097830112 -0.877988884782384 -0.42090259123331 1
-0.320038097830112 -0.262491522254527 -0.42090259123331 1
-0.320038097830112 0.0452571590094017 -0.142725068733542 1
-0.320038097830112 -0.570240203518456 -0.559991352483195 1
-0.320038097830112 1.27625188406512 -0.42090259123331 1
-0.227475094109872 0.0452571590094017 1.2481625437653 -1
-0.227475094109872 0.35300584027333 -0.559991352483195 -1
-0.227475094109872 -1.18573756604631 -0.559991352483195 1
-0.227475094109872 -0.570240203518456 0.274541215016112 1
-0.227475094109872 -0.570240203518456 -0.559991352483195 1
-0.227475094109872 0.0452571590094017 -0.42090259123331 1
-0.227475094109872 -1.49348624731024 -0.42090259123331 1
-0.227475094109872 -1.18573756604631 -0.281813829983426 1
-0.227475094109872 -0.570240203518456 -0.559991352483195 1
-0.227475094109872 0.35300584027333 -0.559991352483195 1
-0.227475094109872 0.660754521537259 -0.0036363074836571 1
-0.227475094109872 0.968503202801188 -0.42090259123331 1
-0.134912090389631 -1.18573756604631 1.2481625437653 -1
-0.134912090389631 -1.18573756604631 -0.142725068733542 -1
-0.134912090389631 0.35300584027333 0.413629976265996 1
-0.134912090389631 -1.18573756604631 -0.42090259123331 1
-0.134912090389631 0.660754521537259 -0.559991352483195 1
-0.134912090389631 0.968503202801188 -0.42090259123331 1
-0.0423490866693909 1.89174924659297 -0.142725068733542 -1
-0.0423490866693909 -1.18573756604631 -0.281813829983426 -1
-0.0423490866693909 -0.262491522254527 -0.142725068733542 -1
-0.0423490866693909 0.968503202801188 -0.0036363074836571 -1
-0.0423490866693909 -0.570240203518456 -0.559991352483195 1
-0.0423490866693909 0.0452571590094017 -0.0036363074836571 1
-0.0423490866693909 1.89174924659297 -0.559991352483195 1
-0.0423490866693909 -0.877988884782384 -0.0036363074836571 1
-0.0423490866693909 -0.877988884782384 0.135452453766227 1
-0.0423490866693909 -0.262491522254527 -0.559991352483195 1
-0.0423490866693909 -0.262491522254527 -0.42090259123331 1
-0.0423490866693909 0.35300584027333 -0.559991352483195 1
-0.0423490866693909 0.660754521537259 -0.559991352483195 1
-0.0423490866693909 1.58400056532904 -0.559991352483195 1
0.0502139170508496 -1.49348624731024 -0.0036363074836571 -1
0.0502139170508496 0.660754521537259 -0.42090259123331 -1
0.0502139170508496 -1.18573756604631 -0.142725068733542 -1
0.0502139170508496 -0.877988884782384 0.691807498765765 -1
0.0502139170508496 0.0452571590094017 2.77813891751403 -1
0.0502139170508496 0.660754521537259 1.10907378251542 -1
0.0502139170508496 -1.49348624731024 -0.42090259123331 1
0.0502139170508496 -0.877988884782384 -0.42090259123331 1
0.0502139170508496 -0.877988884782384 -0.281813829983426 1
0.0502139170508496 -0.570240203518456 -0.42090259123331 1
0.0502139170508496 0.0452571590094017 -0.559991352483195 1
0.14277692077109 -0.877988884782384 0.969985021265534 -1
0.14277692077109 0.660754521537259 2.63905015626415 -1
0.14277692077109 0.660754521537259 0.135452453766227 -1
0.14277692077109 1.58400056532904 0.413629976265996 -1
0.14277692077109 -1.18573756604631 0.413629976265996 1
0.14277692077109 -0.877988884782384 -0.142725068733542 1
0.14277692077109 0.968503202801188 -0.559991352483195 1
0.14277692077109 1.27625188406512 5.83809166501149 1
0.14277692077109 -0.262491522254527 -0.559991352483195 1
0.14277692077109 1.89174924659297 0.413629976265996 1
0.14277692077109 0.0452571590094017 2.08269511126461 1
0.14277692077109 -1.49348624731024 -0.42090259123331 1
0.14277692077109 -0.262491522254527 -0.559991352483195 1
0.23533992449133 0.0452571590094017 0.274541215016112 -1
0.23533992449133 1.58400056532904 1.52634006626507 -1
0.23533992449133 -1.49348624731024 -0.42090259123331 1
0.23533992449133 -1.49348624731024 -0.559991352483195 1
0.23533992449133 -1.49348624731024 -0.42090259123331 1
0.23533992449133 0.968503202801188 1.94360635001473 1
0.23533992449133 0.968503202801188 -0.559991352483195 1
0.23533992449133 1.89174924659297 -0.142725068733542 1
0.23533992449133 1.89174924659297 2.49996139501426 1
0.23533992449133 1.27625188406512 -0.42090259123331 1
0.327902928211571 0.660754521537259 0.691807498765765 -1
0.327902928211571 0.968503202801188 -0.142725068733542 -1
0.327902928211571 -0.877988884782384 -0.559991352483195 1
0.327902928211571 0.968503202801188 -0.281813829983426 1
0.327902928211571 0.968503202801188 -0.42090259123331 1
0.327902928211571 1.27625188406512 -0.559991352483195 1
0.327902928211571 -0.877988884782384 -0.559991352483195 1
0.420465931931811 -0.570240203518456 0.135452453766227 -1
0.420465931931811 -0.262491522254527 1.38725130501519 -1
0.420465931931811 0.35300584027333 -0.42090259123331 -1
0.420465931931811 0.35300584027333 0.691807498765765 1
0.420465931931811 1.89174924659297 -0.559991352483195 1
0.420465931931811 -0.570240203518456 -0.559991352483195 1
0.420465931931811 -0.262491522254527 -0.559991352483195 1
0.420465931931811 0.0452571590094017 -0.559991352483195 1
0.420465931931811 0.35300584027333 -0.559991352483195 1
0.420465931931811 0.35300584027333 -0.559991352483195 1
0.420465931931811 1.27625188406512 -0.559991352483195 1
0.513028935652052 -1.18573756604631 -0.559991352483195 1
0.513028935652052 -0.877988884782384 -0.142725068733542 1
0.513028935652052 -0.570240203518456 -0.42090259123331 1
0.513028935652052 1.27625188406512 -0.559991352483195 1
0.513028935652052 -1.49348624731024 -0.559991352483195 1
0.513028935652052 -1.49348624731024 -0.142725068733542 1
0.513028935652052 -0.570240203518456 -0.281813829983426 1
0.605591939372292 -0.262491522254527 4.30811529126276 -1
0.605591939372292 -0.877988884782384 -0.559991352483195 1
0.605591939372292 0.0452571590094017 -0.559991352483195 1
0.605591939372292 0.35300584027333 -0.42090259123331 1
0.605591939372292 0.35300584027333 -0.0036363074836571 1
0.605591939372292 0.35300584027333 -0.559991352483195 1
0.605591939372292 0.35300584027333 0.413629976265996 1
0.605591939372292 1.27625188406512 -0.142725068733542 1
0.698154943092533 -1.18573756604631 1.80451758876484 -1
0.698154943092533 0.660754521537259 -0.559991352483195 -1
0.698154943092533 -0.570240203518456 -0.42090259123331 1
0.698154943092533 1.27625188406512 -0.281813829983426 1
0.698154943092533 -0.570240203518456 2.91722767876392 1
0.698154943092533 0.35300584027333 -0.559991352483195 1
0.790717946812773 -0.262491522254527 0.135452453766227 -1
0.790717946812773 0.660754521537259 -0.559991352483195 -1
0.790717946812773 1.58400056532904 -0.42090259123331 -1
0.790717946812773 -1.18573756604631 -0.559991352483195 1
0.790717946812773 -1.18573756604631 -0.559991352483195 1
0.790717946812773 0.35300584027333 -0.559991352483195 1
0.790717946812773 0.660754521537259 0.552718737515881 1
0.790717946812773 1.58400056532904 -0.559991352483195 1
0.790717946812773 -1.18573756604631 -0.559991352483195 1
0.883280950533014 -1.18573756604631 1.2481625437653 -1
0.883280950533014 -1.49348624731024 -0.559991352483195 -1
0.883280950533014 0.660754521537259 2.08269511126461 -1
0.883280950533014 -0.262491522254527 0.274541215016112 1
0.883280950533014 0.968503202801188 -0.559991352483195 1
0.883280950533014 0.968503202801188 -0.559991352483195 1
0.883280950533014 -1.49348624731024 -0.559991352483195 1
0.975843954253254 -0.877988884782384 -0.42090259123331 -1
0.975843954253254 -0.570240203518456 -0.559991352483195 1
0.975843954253254 -0.262491522254527 -0.559991352483195 1
0.975843954253254 0.0452571590094017 -0.559991352483195 1
0.975843954253254 0.0452571590094017 -0.559991352483195 1
0.975843954253254 0.968503202801188 -0.559991352483195 1
0.975843954253254 -0.570240203518456 0.691807498765765 1
0.975843954253254 -0.570240203518456 3.33449396251357 1
1.06840695797349 -1.49348624731024 -0.559991352483195 1
1.06840695797349 0.660754521537259 2.49996139501426 1
1.06840695797349 0.968503202801188 -0.559991352483195 1
1.06840695797349 -0.570240203518456 -0.559991352483195 1
1.06840695797349 1.58400056532904 -0.559991352483195 1
1.16096996169374 -1.49348624731024 -0.559991352483195 -1
1.16096996169374 -0.570240203518456 -0.281813829983426 -1
1.16096996169374 -0.262491522254527 2.49996139501426 -1
1.16096996169374 0.968503202801188 1.52634006626507 -1
1.16096996169374 -1.49348624731024 -0.559991352483195 1
1.16096996169374 0.35300584027333 -0.559991352483195 1
1.16096996169374 1.27625188406512 -0.559991352483195 1
1.16096996169374 -1.18573756604631 -0.281813829983426 1
1.16096996169374 0.35300584027333 -0.559991352483195 1
1.16096996169374 1.27625188406512 -0.42090259123331 1
1.25353296541398 -1.49348624731024 -0.559991352483195 -1
1.25353296541398 -0.570240203518456 1.2481625437653 -1
1.25353296541398 -1.49348624731024 -0.559991352483195 1
1.25353296541398 -1.49348624731024 -0.42090259123331 1
1.25353296541398 1.58400056532904 -0.559991352483195 1
1.34609596913422 0.35300584027333 0.552718737515881 -1
1.34609596913422 0.0452571590094017 -0.42090259123331 -1
1.34609596913422 0.968503202801188 -0.559991352483195 1
1.34609596913422 0.968503202801188 -0.559991352483195 1
1.34609596913422 -0.570240203518456 -0.559991352483195 1
1.34609596913422 0.660754521537259 -0.559991352483195 1
1.43865897285446 1.27625188406512 -0.559991352483195 1
1.43865897285446 1.58400056532904 -0.559991352483195 1
1.5312219765747 1.27625188406512 0.552718737515881 -1
1.5312219765747 -0.877988884782384 -0.559991352483195 1
1.5312219765747 0.660754521537259 -0.559991352483195 1
1.5312219765747 0.968503202801188 -0.559991352483195 1
1.62378498029494 -1.49348624731024 -0.559991352483195 -1
1.62378498029494 -1.49348624731024 -0.0036363074836571 -1
1.62378498029494 0.968503202801188 1.38725130501519 1
1.62378498029494 1.27625188406512 -0.559991352483195 1
1.62378498029494 1.58400056532904 -0.559991352483195 1
1.62378498029494 -1.18573756604631 0.552718737515881 1
1.62378498029494 0.0452571590094017 -0.559991352483195 1
1.71634798401518 1.58400056532904 -0.281813829983426 1
1.80891098773542 0.0452571590094017 -0.559991352483195 -1
1.80891098773542 -1.49348624731024 -0.559991352483195 1
1.80891098773542 0.35300584027333 -0.559991352483195 1
1.80891098773542 1.27625188406512 -0.142725068733542 1
1.90147399145566 -0.262491522254527 -0.559991352483195 1
1.90147399145566 1.58400056532904 -0.559991352483195 1
1.9940369951759 0.660754521537259 -0.142725068733542 -1
1.9940369951759 0.0452571590094017 -0.559991352483195 1
2.08659999889614 -0.262491522254527 -0.42090259123331 1
2.17916300261638 1.27625188406512 -0.559991352483195 1
2.27172600633662 0.660754521537259 -0.142725068733542 1
2.36428901005686 0.660754521537259 -0.42090259123331 -1
2.82710402865806 -1.49348624731024 -0.281813829983426 -1
