0.798610336207654 0 0 0 1 0 0 0 0 0 0 1 0 0 0 1 0 1
-0.836322097157634 0 1 0 0 0 0 1 0 0 0 0 1 0 0 0 0 1
0.185510673695671 0 0 0 0 1 0 0 0 0 0 1 0 0 0 1 0 1
-1.85815486801094 0 1 0 0 0 0 1 0 0 0 0 0 0 0 1 0 -1
1.27546562927253 0 1 0 0 0 0 0 0 0 0 1 1 0 0 0 0 1
0.662365966760547 0 1 0 0 0 1 0 0 0 0 0 0 0 0 1 0 -1
1.00297689037832 1 0 0 0 0 1 0 0 0 0 0 0 0 0 1 0 -1
-0.904444281881188 0 1 0 0 0 1 0 0 0 0 0 0 0 0 1 0 -1
0.117388488972117 0 1 0 0 0 0 0 0 0 0 1 0 0 0 1 0 1
0.321755043142779 1 0 0 0 0 0 0 0 0 0 1 0 1 0 0 0 1
1.41170999871964 0 1 0 0 0 0 0 0 0 1 0 0 0 0 1 0 1
-0.904444281881188 0 0 1 0 0 0 1 0 0 0 0 0 0 0 1 0 1
0.594243782036993 0 1 0 0 0 1 0 0 0 0 0 0 0 0 1 0 -1
-1.31317739022251 0 0 0 1 0 0 1 0 0 0 0 0 0 1 0 0 -1
0.321755043142779 0 0 1 0 0 0 1 0 0 0 0 0 0 1 0 0 -1
-0.0869780651985435 0 1 0 0 0 0 1 0 0 0 0 0 0 0 1 0 -1
-0.223222434645651 0 0 0 1 0 0 0 0 0 1 0 0 0 0 1 0 -1
0.253632858419225 0 0 1 0 0 0 1 0 0 0 0 0 0 0 1 0 1
-0.0869780651985435 0 1 0 0 0 0 1 0 0 0 0 0 0 0 1 0 1
-1.04068865132829 0 1 0 0 0 1 0 0 0 0 0 1 0 0 0 0 -1
0.730488151484101 1 0 0 0 0 1 0 0 0 0 0 0 1 0 0 0 1
0.0492663042485638 0 0 0 0 1 0 0 0 1 0 0 0 1 0 0 0 1
-0.836322097157634 0 1 0 0 0 1 0 0 0 0 0 1 0 0 0 0 -1
-0.904444281881188 0 0 0 0 1 0 0 0 0 1 0 0 0 0 1 0 1
0.253632858419225 0 0 1 0 0 0 0 0 0 1 0 0 0 0 1 0 1
1.34358781399608 0 0 0 0 1 0 0 0 0 0 1 0 0 0 1 0 1
0.730488151484101 0 1 0 0 0 0 1 0 0 0 0 1 0 0 0 0 -1
0.52612159731344 0 0 0 1 0 1 0 0 0 0 0 0 0 0 1 0 -1
-0.700077727710527 0 0 0 0 1 0 0 0 0 0 1 0 0 0 1 0 1
-0.0188558804749899 0 0 0 0 1 0 0 0 0 1 0 0 0 0 1 0 -1
-0.631955542986973 0 1 0 0 0 0 0 0 0 0 1 0 0 1 0 0 -1
-0.0869780651985435 0 0 0 0 1 0 0 0 0 1 0 0 0 0 1 0 1
0.117388488972117 0 0 0 0 1 0 0 0 0 1 0 0 0 0 1 0 1
-1.10881083605185 0 1 0 0 0 0 1 0 0 0 0 0 0 1 0 0 -1
1.75232092233741 0 1 0 0 0 0 1 0 0 0 0 0 0 0 1 0 -1
1.47983218344319 0 0 0 1 0 1 0 0 0 0 0 1 0 0 0 0 -1
0.321755043142779 0 0 1 0 0 0 1 0 0 0 0 0 0 0 1 0 -1
0.798610336207654 0 0 0 1 0 0 0 0 0 1 0 0 0 1 0 0 1
-0.495711173539866 0 0 0 0 1 0 0 0 0 0 1 1 0 0 0 0 1
-0.0188558804749899 0 0 0 1 0 0 0 0 0 1 0 0 0 1 0 0 -1
0.253632858419225 0 0 1 0 0 0 1 0 0 0 0 1 0 0 0 0 -1
1.54795436816674 0 1 0 0 0 0 1 0 0 0 0 0 1 0 0 0 -1
-0.359466804092758 0 1 0 0 0 0 1 0 0 0 0 0 0 0 1 0 -1
0.389877227866332 0 0 1 0 0 0 1 0 0 0 0 1 0 0 0 0 -1
0.457999412589886 0 0 0 1 0 0 0 0 0 0 1 0 0 1 0 0 1
-0.76819991243408 0 0 1 0 0 0 0 0 0 1 0 1 0 0 0 0 1
0.594243782036993 0 0 0 0 1 0 0 0 0 0 1 0 0 0 1 0 1
-2.19876579162871 0 1 0 0 0 0 1 0 0 0 0 1 0 0 0 0 -1
-0.904444281881188 1 0 0 0 0 1 0 0 0 0 0 0 0 0 0 1 -1
0.798610336207654 0 0 0 0 1 0 0 0 0 0 1 0 0 0 1 0 1
1.27546562927253 0 0 1 0 0 0 1 0 0 0 0 0 0 1 0 0 -1
1.68419873761385 0 0 0 1 0 0 0 0 0 0 1 0 0 0 1 0 1
-2.19876579162871 0 1 0 0 0 0 1 0 0 0 0 1 0 0 0 0 -1
0.52612159731344 0 0 1 0 0 0 1 0 0 0 0 1 0 0 0 0 -1
-0.155100249922097 1 0 0 0 0 0 0 0 0 0 1 0 0 0 1 0 1
-0.836322097157634 0 0 0 1 0 0 0 0 0 1 0 1 0 0 0 0 -1
-0.427588988816312 0 0 1 0 0 0 1 0 0 0 0 0 1 0 0 0 -1
-0.291344619369205 0 0 1 0 0 0 0 0 0 1 0 1 0 0 0 0 -1
-0.700077727710527 0 0 1 0 0 0 1 0 0 0 0 1 0 0 0 0 -1
0.253632858419225 0 0 1 0 0 1 0 0 0 0 0 1 0 0 0 0 1
-0.223222434645651 0 0 0 0 1 0 0 0 1 0 0 0 0 0 1 0 1
0.321755043142779 0 0 0 0 1 0 0 0 1 0 0 0 0 0 1 0 1
0.117388488972117 0 0 1 0 0 0 0 0 0 0 1 0 0 0 1 0 -1
0.117388488972117 0 0 1 0 0 0 1 0 0 0 0 1 0 0 0 0 -1
1.27546562927253 0 0 0 0 1 0 0 0 0 1 0 0 0 0 1 0 1
-2.0625214221816 0 0 1 0 0 0 1 0 0 0 0 1 0 0 0 0 -1
-0.427588988816312 0 1 0 0 0 0 1 0 0 0 0 0 0 0 1 0 -1
1.13922125982542 0 0 0 0 1 0 0 0 1 0 0 1 0 0 0 0 1
-0.700077727710527 0 0 1 0 0 0 1 0 0 0 0 0 0 0 1 0 -1
0.594243782036993 0 0 1 0 0 0 1 0 0 0 0 0 0 0 1 0 -1
1.20734344454898 0 0 1 0 0 0 1 0 0 0 0 0 0 1 0 0 -1
0.866732520931208 0 0 0 0 1 0 0 0 1 0 0 0 0 0 1 0 1
-0.223222434645651 0 0 0 0 1 0 0 0 0 0 1 0 0 0 1 0 -1
0.730488151484101 0 0 0 0 1 0 0 0 0 1 0 0 0 0 1 0 1
1.00297689037832 1 0 0 0 0 0 0 0 0 1 0 1 0 0 0 0 1
-2.0625214221816 0 1 0 0 0 0 1 0 0 0 0 0 0 0 1 0 -1
1.27546562927253 0 1 0 0 0 0 1 0 0 0 0 0 0 1 0 0 1
0.594243782036993 0 1 0 0 0 0 1 0 0 0 0 0 0 0 1 0 -1
0.321755043142779 0 0 0 0 1 0 0 0 1 0 0 0 0 1 0 0 1
0.798610336207654 0 0 1 0 0 0 0 0 0 1 0 0 1 0 0 0 -1
0.798610336207654 0 0 0 0 1 0 0 0 0 0 1 0 0 0 1 0 -1
-0.76819991243408 0 0 0 0 1 0 0 0 0 1 0 0 0 1 0 0 1
0.866732520931208 0 1 0 0 0 0 1 0 0 0 0 0 0 0 1 0 1
0.117388488972117 1 0 0 0 0 0 0 0 0 1 0 0 1 0 0 0 -1
-0.291344619369205 0 0 0 0 1 1 0 0 0 0 0 1 0 0 0 0 1
-1.51754394439317 0 1 0 0 0 1 0 0 0 0 0 1 0 0 0 0 -1
0.185510673695671 0 0 0 0 1 0 0 0 0 1 0 0 0 0 1 0 1
-1.31317739022251 0 1 0 0 0 1 0 0 0 0 0 1 0 0 0 0 -1
0.52612159731344 0 1 0 0 0 0 1 0 0 0 0 1 0 0 0 0 -1
0.457999412589886 0 1 0 0 0 0 0 0 0 0 1 0 0 0 1 0 1
1.20734344454898 0 0 0 1 0 0 0 0 0 1 0 0 0 0 1 0 1
1.68419873761385 0 0 0 0 1 0 0 0 0 1 0 0 0 0 1 0 1
0.798610336207654 0 1 0 0 0 0 1 0 0 0 0 1 0 0 0 0 -1
0.253632858419225 0 0 1 0 0 0 1 0 0 0 0 0 0 0 1 0 1
0.321755043142779 0 1 0 0 0 1 0 0 0 0 0 0 0 0 1 0 -1
-0.0869780651985435 0 0 0 0 1 0 0 0 0 1 0 0 0 0 1 0 1
-1.04068865132829 0 1 0 0 0 0 1 0 0 0 0 1 0 0 0 0 -1
-0.563833358263419 0 0 1 0 0 0 1 0 0 0 0 1 0 0 0 0 -1
0.457999412589886 0 0 0 0 1 0 0 0 0 1 0 0 0 0 1 0 -1
-1.51754394439317 0 0 1 0 0 0 1 0 0 0 0 0 0 0 1 0 -1
0.253632858419225 0 0 1 0 0 1 0 0 0 0 0 1 0 0 0 0 -1
0.662365966760547 0 0 1 0 0 1 0 0 0 0 0 1 0 0 0 0 -1
0.185510673695671 0 0 0 0 1 0 0 0 0 1 0 1 0 0 0 0 -1
-1.79003268328739 0 0 1 0 0 1 0 0 0 0 0 1 0 0 0 0 -1
0.185510673695671 0 1 0 0 0 0 1 0 0 0 0 1 0 0 0 0 -1
-0.0869780651985435 0 1 0 0 0 0 1 0 0 0 0 1 0 0 0 0 -1
-0.76819991243408 0 1 0 0 0 0 1 0 0 0 0 1 0 0 0 0 1
-1.44942175966962 0 0 1 0 0 0 1 0 0 0 0 1 0 0 0 0 -1
0.117388488972117 0 1 0 0 0 0 1 0 0 0 0 0 0 0 1 0 -1
-1.51754394439317 0 0 0 0 1 0 0 0 0 1 0 1 0 0 0 0 1
-0.700077727710527 0 0 0 0 1 0 0 0 0 1 0 0 0 0 1 0 -1
1.07109907510187 0 0 0 0 1 0 0 0 0 1 0 0 0 0 1 0 1
0.253632858419225 0 0 0 0 1 0 0 0 0 1 0 0 0 1 0 0 -1
0.0492663042485638 0 0 1 0 0 0 1 0 0 0 0 1 0 0 0 0 -1
-1.04068865132829 0 0 0 1 0 0 0 0 0 1 0 1 0 0 0 0 -1
0.0492663042485638 0 1 0 0 0 0 1 0 0 0 0 0 0 0 1 0 -1
-0.700077727710527 0 0 1 0 0 0 1 0 0 0 0 1 0 0 0 0 -1
0.117388488972117 0 0 1 0 0 0 1 0 0 0 0 0 0 1 0 0 -1
-0.0188558804749899 0 0 0 1 0 0 0 0 0 1 0 0 0 0 1 0 1
1.95668747650807 0 0 0 0 1 0 0 0 0 0 1 0 0 0 1 0 -1
-0.291344619369205 0 0 0 0 1 0 0 0 0 1 0 0 0 0 1 0 1
-0.836322097157634 0 1 0 0 0 0 1 0 0 0 0 1 0 0 0 0 -1
-2.13064360690515 0 0 1 0 0 0 1 0 0 0 0 0 0 1 0 0 -1
0.730488151484101 0 1 0 0 0 0 1 0 0 0 0 0 0 0 1 0 -1
-1.51754394439317 0 0 0 0 1 0 0 0 0 1 0 0 0 0 1 0 -1
0.253632858419225 0 0 0 0 1 0 0 0 1 0 0 0 0 1 0 0 -1
1.41170999871964 0 0 1 0 0 0 0 0 1 0 0 1 0 0 0 0 -1
-1.04068865132829 0 1 0 0 0 0 1 0 0 0 0 1 0 0 0 0 -1
-0.223222434645651 1 0 0 0 0 0 0 0 0 1 0 1 0 0 0 0 -1
-1.04068865132829 0 0 0 0 1 0 0 0 0 0 1 0 0 0 1 0 1
0.798610336207654 0 0 0 0 1 0 0 0 0 1 0 0 0 0 1 0 1
1.34358781399608 0 0 0 0 1 0 0 0 1 0 0 0 0 0 1 0 1
2.09293184595517 0 0 0 0 1 0 0 0 0 1 0 0 0 0 1 0 -1
0.321755043142779 0 0 1 0 0 1 0 0 0 0 0 1 0 0 0 0 -1
0.730488151484101 0 0 0 0 1 0 0 0 0 1 0 0 0 0 1 0 1
-0.631955542986973 0 0 0 0 1 0 0 0 0 0 1 0 0 0 1 0 1
0.253632858419225 0 0 0 0 1 0 0 0 0 1 0 0 0 0 1 0 1
0.662365966760547 0 0 0 0 1 0 0 0 0 1 0 0 0 0 1 0 1
-0.155100249922097 0 1 0 0 0 0 1 0 0 0 0 0 0 0 1 0 -1
0.798610336207654 0 0 0 1 0 0 0 0 0 0 1 0 0 0 1 0 1
1.68419873761385 0 0 0 0 1 0 0 0 0 0 1 0 0 0 1 0 1
-0.0188558804749899 0 0 1 0 0 0 1 0 0 0 0 0 0 0 1 0 -1
-0.495711173539866 0 1 0 0 0 0 1 0 0 0 0 1 0 0 0 0 -1
-0.563833358263419 0 1 0 0 0 0 1 0 0 0 0 0 0 1 0 0 -1
-0.359466804092758 0 0 1 0 0 0 1 0 0 0 0 1 0 0 0 0 -1
0.457999412589886 0 0 0 0 1 0 0 0 0 0 1 0 0 0 1 0 1
0.52612159731344 0 0 0 0 1 0 0 0 0 1 0 0 0 0 1 0 1
0.52612159731344 0 0 0 0 1 1 0 0 0 0 0 0 0 0 1 0 1
1.07109907510187 0 0 0 0 1 0 0 0 0 1 0 0 0 0 1 0 1
-0.972566466604741 0 1 0 0 0 0 1 0 0 0 0 0 0 0 1 0 -1
0.117388488972117 0 0 0 0 1 0 0 0 0 1 0 0 0 0 0 1 1
1.07109907510187 0 0 0 0 1 0 0 0 0 1 0 0 0 0 0 1 1
0.730488151484101 0 1 0 0 0 0 1 0 0 0 0 0 0 0 1 0 -1
-0.563833358263419 0 0 1 0 0 0 0 0 0 1 0 0 0 1 0 0 -1
-1.44942175966962 0 0 0 0 1 0 0 0 0 1 0 0 0 0 1 0 -1
0.253632858419225 0 0 0 1 0 0 0 0 0 1 0 0 0 0 1 0 -1
-0.0188558804749899 0 0 1 0 0 1 0 0 0 0 0 1 0 0 0 0 1
-0.291344619369205 1 0 0 0 0 1 0 0 0 0 0 0 0 0 1 0 -1
0.457999412589886 0 0 1 0 0 0 1 0 0 0 0 1 0 0 0 0 -1
0.185510673695671 0 0 0 0 1 1 0 0 0 0 0 0 0 0 1 0 1
0.798610336207654 0 0 0 0 1 0 0 0 0 1 0 0 0 0 1 0 1
-0.972566466604741 0 0 1 0 0 0 1 0 0 0 0 0 0 0 1 0 -1
-2.19876579162871 0 0 0 1 0 0 1 0 0 0 0 0 0 0 1 0 -1
-0.155100249922097 1 0 0 0 0 0 0 0 0 1 0 0 0 0 1 0 -1
-0.904444281881188 0 0 1 0 0 0 1 0 0 0 0 0 0 0 1 0 -1
2.16105403067873 0 0 0 0 1 0 0 0 0 0 1 0 0 0 1 0 1
0.866732520931208 0 1 0 0 0 0 1 0 0 0 0 0 0 0 1 0 1
0.594243782036993 0 1 0 0 0 0 1 0 0 0 0 0 0 0 1 0 -1
-0.0869780651985435 0 0 0 1 0 0 0 0 0 0 1 0 0 0 1 0 1
2.09293184595517 0 0 0 0 1 0 0 0 0 0 1 0 0 0 1 0 1
-2.33501016107581 0 0 1 0 0 0 1 0 0 0 0 0 0 0 1 0 -1
-1.10881083605185 0 1 0 0 0 0 1 0 0 0 0 1 0 0 0 0 -1
-0.155100249922097 0 0 0 0 1 0 0 0 0 1 0 0 0 0 1 0 -1
-0.76819991243408 0 0 0 0 1 0 0 0 0 1 0 0 0 0 1 0 -1
-0.0869780651985435 0 1 0 0 0 0 1 0 0 0 0 0 0 0 1 0 -1
0.52612159731344 0 0 0 0 1 0 0 0 0 0 1 0 0 0 1 0 1
0.457999412589886 0 0 1 0 0 0 1 0 0 0 0 1 0 0 0 0 -1
-0.700077727710527 0 0 1 0 0 0 1 0 0 0 0 0 0 1 0 0 -1
1.07109907510187 0 0 0 0 1 0 0 0 0 0 1 0 0 0 1 0 -1
-0.427588988816312 0 0 0 0 1 0 0 0 0 1 0 0 0 0 1 0 1
-0.427588988816312 0 0 0 0 1 0 0 0 0 1 0 0 0 0 1 0 -1
0.730488151484101 0 0 0 0 1 0 0 0 0 1 0 0 0 0 0 1 -1
-2.47125453052292 0 1 0 0 0 0 1 0 0 0 0 0 0 0 1 0 -1
-1.38129957494606 0 1 0 0 0 0 1 0 0 0 0 0 0 1 0 0 -1
1.07109907510187 0 0 0 1 0 0 0 0 1 0 0 1 0 0 0 0 1
1.27546562927253 0 0 0 0 1 0 0 0 0 0 1 0 0 0 1 0 1
-1.24505520549896 0 0 0 0 1 0 0 0 0 1 0 0 0 0 1 0 1
0.798610336207654 0 1 0 0 0 1 0 0 0 0 0 0 0 0 1 0 -1
1.75232092233741 0 0 0 1 0 0 0 0 0 1 0 0 0 0 1 0 1
0.253632858419225 0 0 0 0 1 0 0 0 0 1 0 0 0 0 1 0 1
-1.44942175966962 0 1 0 0 0 0 1 0 0 0 0 0 0 0 1 0 -1
1.6160765528903 0 0 0 0 1 0 0 0 1 0 0 0 0 0 1 0 1
0.321755043142779 0 0 0 1 0 0 1 0 0 0 0 0 0 0 1 0 -1
-0.972566466604741 0 1 0 0 0 0 1 0 0 0 0 0 0 0 1 0 1
-0.359466804092758 0 1 0 0 0 0 1 0 0 0 0 0 0 0 1 0 -1
2.02480966123162 0 0 0 0 1 0 0 0 0 1 0 0 0 0 1 0 1
-0.631955542986973 0 1 0 0 0 0 1 0 0 0 0 0 0 0 1 0 -1
0.730488151484101 0 0 0 0 1 0 0 0 0 1 0 0 0 0 1 0 1
1.20734344454898 0 0 0 1 0 0 1 0 0 0 0 0 0 1 0 0 -1
-0.0188558804749899 0 1 0 0 0 0 1 0 0 0 0 0 0 0 1 0 -1
-0.427588988816312 0 0 1 0 0 0 1 0 0 0 0 0 0 0 1 0 -1
-0.427588988816312 0 0 0 0 1 0 0 0 0 1 0 0 0 0 1 0 -1
-0.291344619369205 0 0 0 0 1 0 0 0 0 0 1 0 0 0 1 0 1
-0.495711173539866 0 0 0 0 1 0 0 0 0 1 0 0 0 0 1 0 -1
0.185510673695671 0 0 0 0 1 0 0 0 0 0 1 0 0 0 1 0 -1
1.13922125982542 0 0 0 0 1 0 0 0 0 0 1 0 0 0 1 0 1
-0.631955542986973 0 0 1 0 0 0 0 0 1 0 0 0 0 0 1 0 -1
-0.836322097157634 0 0 0 0 1 0 0 0 1 0 0 0 0 0 1 0 1
-0.223222434645651 0 0 0 0 1 0 0 0 0 1 0 0 0 0 1 0 -1
0.730488151484101 0 0 1 0 0 0 1 0 0 0 0 1 0 0 0 0 -1
-0.631955542986973 0 1 0 0 0 0 1 0 0 0 0 0 1 0 0 0 -1
0.934854705654762 0 0 0 1 0 0 1 0 0 0 0 0 0 0 1 0 -1
0.253632858419225 0 1 0 0 0 0 1 0 0 0 0 1 0 0 0 0 1
-0.836322097157634 0 0 1 0 0 0 1 0 0 0 0 0 0 0 1 0 1
1.41170999871964 0 0 0 0 1 0 0 0 0 0 1 0 0 0 1 0 1
-0.631955542986973 0 1 0 0 0 0 1 0 0 0 0 0 0 0 1 0 -1
0.253632858419225 0 0 1 0 0 0 0 0 0 1 0 0 0 0 1 0 -1
0.117388488972117 0 1 0 0 0 0 1 0 0 0 0 0 0 0 1 0 -1
-0.836322097157634 0 0 0 0 1 0 0 0 0 0 1 1 0 0 0 0 -1
-0.700077727710527 0 0 1 0 0 0 1 0 0 0 0 0 0 0 1 0 -1
-0.836322097157634 0 0 1 0 0 0 1 0 0 0 0 0 0 0 1 0 -1
-0.700077727710527 0 0 1 0 0 0 1 0 0 0 0 0 0 0 1 0 -1
0.117388488972117 0 0 0 0 1 0 0 0 0 0 1 0 0 0 1 0 1
1.6160765528903 0 0 0 0 1 0 0 0 0 1 0 0 0 0 1 0 1
-0.0869780651985435 0 0 1 0 0 0 1 0 0 0 0 0 0 0 1 0 1
-1.04068865132829 0 0 0 1 0 0 0 0 0 1 0 0 0 0 1 0 -1
0.52612159731344 0 0 0 0 1 0 0 0 0 1 0 0 0 0 1 0 1
-0.0188558804749899 0 1 0 0 0 1 0 0 0 0 0 0 1 0 0 0 -1
-0.223222434645651 0 0 1 0 0 0 1 0 0 0 0 0 0 0 1 0 -1
-1.1769330207754 0 1 0 0 0 0 1 0 0 0 0 0 0 0 1 0 -1
1.13922125982542 0 0 0 0 1 0 0 0 1 0 0 0 0 0 1 0 -1
1.68419873761385 0 0 0 0 1 0 0 0 1 0 0 0 0 0 1 0 1
1.41170999871964 0 0 0 0 1 0 0 0 1 0 0 0 0 0 1 0 1
0.457999412589886 0 0 0 1 0 0 1 0 0 0 0 0 0 0 1 0 -1
0.594243782036993 0 0 0 0 1 0 0 0 0 0 1 0 0 0 1 0 1
-0.904444281881188 0 0 0 0 1 0 0 0 0 0 1 0 0 0 1 0 -1
0.321755043142779 1 0 0 0 0 0 0 0 1 0 0 0 1 0 0 0 -1
0.594243782036993 0 0 0 0 1 0 0 0 0 0 1 0 0 0 1 0 -1
0.52612159731344 0 0 0 0 1 0 0 0 0 1 0 0 0 0 1 0 1
-2.13064360690515 0 0 1 0 0 0 1 0 0 0 0 0 0 1 0 0 -1
1.13922125982542 0 0 0 0 1 0 0 0 0 1 0 0 0 0 1 0 1
0.52612159731344 0 0 1 0 0 0 1 0 0 0 0 0 0 0 1 0 -1
-0.631955542986973 0 1 0 0 0 0 1 0 0 0 0 0 0 0 1 0 -1
-1.51754394439317 0 1 0 0 0 0 1 0 0 0 0 0 0 0 1 0 -1
1.41170999871964 0 0 0 0 1 0 0 0 0 1 0 0 0 0 1 0 1
-1.31317739022251 0 0 1 0 0 0 0 0 1 0 0 0 0 0 1 0 -1
-1.04068865132829 0 0 1 0 0 0 1 0 0 0 0 0 0 0 1 0 -1
0.185510673695671 0 1 0 0 0 0 0 0 0 0 1 0 0 0 1 0 1
-0.836322097157634 0 0 1 0 0 0 1 0 0 0 0 0 0 0 1 0 -1
-0.904444281881188 0 1 0 0 0 0 1 0 0 0 0 0 0 0 1 0 -1
-1.58566612911672 0 1 0 0 0 0 1 0 0 0 0 0 0 0 1 0 -1
0.117388488972117 0 0 0 0 1 0 0 0 0 1 0 0 0 1 0 0 1
-1.24505520549896 0 1 0 0 0 0 1 0 0 0 0 0 0 0 1 0 -1
1.00297689037832 0 0 0 0 1 0 0 0 0 1 0 0 0 0 1 0 1
0.0492663042485638 0 0 0 0 1 0 0 1 0 0 0 0 0 0 1 0 1
1.41170999871964 1 0 0 0 0 0 0 0 1 0 0 0 0 1 0 0 -1
1.20734344454898 0 0 0 0 1 0 0 0 0 1 0 0 0 0 1 0 1
1.47983218344319 0 0 0 0 1 0 0 0 0 0 1 0 0 0 1 0 1
0.798610336207654 0 0 0 0 1 0 0 0 0 1 0 0 1 0 0 0 1
1.07109907510187 0 0 0 0 1 0 0 0 1 0 0 0 0 0 1 0 1
0.662365966760547 0 0 0 0 1 0 0 0 0 1 0 0 0 0 1 0 1
-0.836322097157634 0 1 0 0 0 0 1 0 0 0 0 0 0 0 1 0 -1
-1.04068865132829 0 0 1 0 0 0 1 0 0 0 0 1 0 0 0 0 -1
-0.427588988816312 0 0 1 0 0 0 1 0 0 0 0 0 0 0 1 0 -1
1.41170999871964 0 0 0 0 1 0 0 1 0 0 0 0 0 0 1 0 1
-0.0188558804749899 0 0 0 0 1 0 0 0 0 1 0 0 0 0 1 0 -1
1.13922125982542 0 0 0 0 1 0 0 0 0 0 1 0 0 0 1 0 1
-0.155100249922097 0 0 0 0 1 0 0 0 1 0 0 0 0 0 1 0 -1
1.34358781399608 0 0 0 0 1 0 0 0 0 1 0 0 0 0 1 0 1
0.389877227866332 0 0 0 0 1 0 0 0 0 0 1 0 0 0 1 0 1
0.798610336207654 0 0 0 0 1 0 0 0 0 1 0 0 0 0 1 0 1
-0.0188558804749899 0 0 0 0 1 0 0 1 0 0 0 0 0 0 1 0 1
0.730488151484101 0 0 0 0 1 0 0 0 0 1 0 0 0 0 1 0 1
1.41170999871964 0 1 0 0 0 0 1 0 0 0 0 0 0 1 0 0 -1
0.117388488972117 0 0 0 0 1 0 0 0 0 1 0 0 0 0 1 0 1
1.07109907510187 0 0 0 1 0 0 1 0 0 0 0 0 0 0 1 0 -1
1.00297689037832 0 0 0 0 1 0 0 0 0 0 1 0 0 0 1 0 1
-1.38129957494606 0 0 0 0 1 0 0 1 0 0 0 1 0 0 0 0 -1
1.6160765528903 0 1 0 0 0 1 0 0 0 0 0 0 0 0 1 0 1
0.52612159731344 0 0 1 0 0 0 1 0 0 0 0 0 0 0 1 0 -1
-1.04068865132829 0 1 0 0 0 0 0 0 0 1 0 0 0 0 1 0 1
-0.972566466604741 0 1 0 0 0 0 1 0 0 0 0 0 0 0 1 0 -1
-0.563833358263419 0 0 1 0 0 0 1 0 0 0 0 0 0 1 0 0 -1
0.866732520931208 0 1 0 0 0 0 1 0 0 0 0 0 0 0 1 0 1
0.594243782036993 0 0 0 0 1 0 0 0 1 0 0 0 0 0 1 0 1
0.662365966760547 0 0 0 0 1 0 0 0 0 1 0 1 0 0 0 0 1
1.20734344454898 0 0 0 0 1 0 0 0 1 0 0 0 0 0 1 0 -1
-1.10881083605185 0 0 0 0 1 0 0 0 1 0 0 0 0 0 1 0 -1
-0.0188558804749899 0 0 0 0 1 0 0 0 0 0 1 0 0 0 0 1 1
-0.155100249922097 0 0 0 1 0 0 0 0 0 1 0 0 0 0 0 1 -1
0.730488151484101 0 0 0 0 1 0 0 0 0 1 0 0 0 0 1 0 1
-0.836322097157634 0 0 0 1 0 0 1 0 0 0 0 0 0 1 0 0 -1
-0.76819991243408 0 0 0 0 1 0 0 0 0 0 1 0 0 0 1 0 1
1.47983218344319 0 0 0 0 1 0 0 0 0 1 0 0 0 0 1 0 1
0.457999412589886 0 0 1 0 0 0 0 0 0 1 0 0 0 0 1 0 -1
1.68419873761385 0 0 0 0 1 0 0 0 0 1 0 0 0 0 1 0 1
-1.51754394439317 0 0 0 0 1 0 0 0 0 1 0 0 0 0 1 0 -1
-0.359466804092758 0 0 0 0 1 0 0 0 0 0 1 0 0 0 1 0 1
1.07109907510187 0 1 0 0 0 1 0 0 0 0 0 0 0 0 1 0 -1
-0.631955542986973 0 0 0 0 1 0 0 0 0 1 0 0 0 0 1 0 1
-0.427588988816312 0 0 0 0 1 0 0 0 0 0 1 0 0 0 1 0 1
-0.155100249922097 0 1 0 0 0 0 1 0 0 0 0 0 0 0 1 0 -1
-0.631955542986973 0 0 1 0 0 0 1 0 0 0 0 0 0 1 0 0 -1
0.117388488972117 0 1 0 0 0 0 1 0 0 0 0 0 0 0 1 0 -1
-0.0869780651985435 0 0 0 1 0 0 1 0 0 0 0 0 0 0 1 0 -1
-0.0869780651985435 0 1 0 0 0 1 0 0 0 0 0 1 0 0 0 0 -1
-0.427588988816312 0 0 1 0 0 0 1 0 0 0 0 0 0 1 0 0 -1
-0.563833358263419 0 0 0 1 0 0 1 0 0 0 0 0 0 0 1 0 -1
-1.04068865132829 0 1 0 0 0 0 1 0 0 0 0 0 0 0 1 0 -1
-0.700077727710527 0 1 0 0 0 0 1 0 0 0 0 0 0 0 1 0 -1
-0.359466804092758 0 0 0 0 1 0 0 0 0 0 1 0 0 0 1 0 1
-0.0869780651985435 0 0 0 0 1 0 0 0 0 1 0 0 0 0 1 0 1
0.798610336207654 0 0 0 0 1 0 1 0 0 0 0 0 0 0 1 0 1
1.47983218344319 0 0 0 0 1 0 0 0 0 1 0 0 0 0 1 0 1
0.730488151484101 0 0 0 0 1 0 0 0 1 0 0 0 0 0 1 0 -1
1.07109907510187 0 0 1 0 0 1 0 0 0 0 0 0 0 0 1 0 1
-1.31317739022251 0 0 1 0 0 0 0 0 1 0 0 0 0 0 1 0 -1
0.934854705654762 0 0 0 0 1 0 0 0 0 1 0 0 0 0 1 0 -1
-0.495711173539866 0 1 0 0 0 0 1 0 0 0 0 0 0 0 1 0 -1
0.594243782036993 0 0 0 0 1 0 0 0 0 1 0 0 0 0 1 0 1
1.07109907510187 0 0 0 0 1 0 0 1 0 0 0 0 0 0 1 0 1
0.321755043142779 0 0 0 0 1 0 0 0 1 0 0 0 0 0 1 0 1
-2.13064360690515 0 1 0 0 0 0 1 0 0 0 0 0 0 0 1 0 -1
-1.44942175966962 0 0 0 0 1 0 0 0 0 0 1 0 0 1 0 0 1
1.6160765528903 0 1 0 0 0 0 1 0 0 0 0 0 0 1 0 0 -1
-0.700077727710527 0 1 0 0 0 0 1 0 0 0 0 0 0 0 1 0 -1
-1.24505520549896 0 0 1 0 0 0 1 0 0 0 0 0 0 1 0 0 -1
-0.904444281881188 0 1 0 0 0 0 1 0 0 0 0 0 0 1 0 0 -1
1.13922125982542 0 0 0 0 1 0 0 0 0 1 0 0 0 0 1 0 1
0.321755043142779 0 0 0 0 1 0 0 0 0 0 1 0 0 0 1 0 1
2.02480966123162 0 0 0 1 0 0 0 0 0 0 1 0 0 0 1 0 1
-0.291344619369205 0 1 0 0 0 0 1 0 0 0 0 0 0 0 1 0 -1
-0.0869780651985435 0 0 0 0 1 0 0 0 0 0 1 0 0 0 1 0 1
-0.0188558804749899 0 0 0 0 1 0 0 0 1 0 0 0 0 0 1 0 1
0.594243782036993 0 0 0 0 1 0 0 0 0 1 0 0 0 0 1 0 -1
0.798610336207654 0 0 0 0 1 0 0 0 0 0 1 0 0 0 1 0 1
1.34358781399608 0 0 0 0 1 0 0 0 1 0 0 0 0 0 1 0 1
2.16105403067873 0 0 0 0 1 0 0 0 0 1 0 0 0 0 1 0 1
-0.631955542986973 0 0 0 0 1 0 0 0 0 1 0 0 0 0 1 0 1
0.253632858419225 0 0 1 0 0 0 1 0 0 0 0 1 0 0 0 0 -1
-0.631955542986973 0 0 0 0 1 0 0 0 1 0 0 0 0 0 1 0 1
0.389877227866332 0 1 0 0 0 0 1 0 0 0 0 0 0 0 1 0 1
-0.76819991243408 0 1 0 0 0 0 0 0 0 1 0 0 0 0 1 0 -1
-1.58566612911672 0 1 0 0 0 0 1 0 0 0 0 0 0 0 1 0 -1
0.457999412589886 0 1 0 0 0 0 1 0 0 0 0 0 0 0 1 0 -1
0.253632858419225 0 0 0 0 1 0 0 0 0 0 1 0 0 0 1 0 1
0.389877227866332 0 0 0 0 1 0 1 0 0 0 0 0 0 0 1 0 -1
1.54795436816674 0 0 0 0 1 0 0 0 0 1 0 0 0 0 1 0 1
-0.904444281881188 0 0 0 0 1 0 0 0 0 0 1 0 0 0 1 0 -1
-0.700077727710527 0 1 0 0 0 0 0 1 0 0 0 0 0 0 1 0 -1
-1.44942175966962 0 0 1 0 0 0 1 0 0 0 0 0 0 0 1 0 1
-1.10881083605185 0 0 0 0 1 0 0 0 1 0 0 1 0 0 0 0 1
-1.92627705273449 0 0 0 1 0 0 1 0 0 0 0 0 0 0 1 0 -1
-0.836322097157634 0 1 0 0 0 0 1 0 0 0 0 0 0 0 1 0 -1
1.88856529178451 0 0 0 0 1 0 0 0 0 1 0 0 0 0 1 0 1
-1.31317739022251 0 0 1 0 0 0 1 0 0 0 0 0 0 0 1 0 -1
-1.24505520549896 0 0 1 0 0 0 1 0 0 0 0 0 0 0 1 0 -1
0.0492663042485638 0 0 0 1 0 0 1 0 0 0 0 0 0 0 1 0 1
-0.0188558804749899 0 0 0 0 1 0 0 0 0 1 0 0 0 0 1 0 1
-0.631955542986973 0 0 0 1 0 1 0 0 0 0 0 0 0 0 1 0 -1
2.22917621540228 0 0 0 0 1 0 0 0 0 1 0 0 0 0 1 0 1
1.07109907510187 0 0 0 0 1 0 0 0 0 1 0 0 0 0 1 0 1
-0.972566466604741 0 0 1 0 0 0 1 0 0 0 0 0 0 0 1 0 -1
-0.427588988816312 0 0 0 0 1 0 0 0 0 1 0 0 0 0 1 0 1
-0.291344619369205 0 1 0 0 0 0 1 0 0 0 0 0 0 0 0 1 -1
-1.10881083605185 0 1 0 0 0 0 0 0 1 0 0 0 0 0 1 0 -1
-0.631955542986973 0 0 1 0 0 0 1 0 0 0 0 0 0 0 1 0 -1
-0.223222434645651 0 0 0 0 1 0 0 0 0 1 0 0 0 0 1 0 1
0.185510673695671 0 0 0 0 1 0 0 0 0 1 0 0 0 0 1 0 1
0.798610336207654 0 0 0 0 1 0 0 0 0 0 1 0 0 0 1 0 1
1.68419873761385 0 0 0 0 1 0 0 0 0 1 0 0 0 0 1 0 1
-0.631955542986973 0 1 0 0 0 1 0 0 0 0 0 1 0 0 0 0 -1
-0.836322097157634 0 1 0 0 0 1 0 0 0 0 0 1 0 0 0 0 -1
-0.700077727710527 0 1 0 0 0 0 1 0 0 0 0 0 0 0 1 0 -1
0.866732520931208 0 0 0 0 1 0 0 0 0 1 0 0 0 0 1 0 1
-0.0869780651985435 0 0 0 0 1 0 0 0 0 1 0 1 0 0 0 0 1
-0.76819991243408 0 0 1 0 0 0 0 0 1 0 0 0 0 0 1 0 -1
1.27546562927253 0 0 0 0 1 0 0 0 1 0 0 0 0 0 1 0 1
-0.0188558804749899 0 0 0 0 1 0 0 0 0 0 1 0 0 0 1 0 -1
-0.427588988816312 0 0 0 0 1 0 0 0 0 1 0 0 0 0 1 0 1
-0.427588988816312 0 1 0 0 0 0 1 0 0 0 0 0 0 0 1 0 -1
-0.359466804092758 0 0 0 0 1 0 0 0 1 0 0 0 0 0 1 0 1
-0.223222434645651 0 0 0 1 0 0 0 0 0 0 1 0 0 0 1 0 1
-0.700077727710527 0 1 0 0 0 0 1 0 0 0 0 0 0 0 1 0 -1
0.730488151484101 0 1 0 0 0 0 1 0 0 0 0 0 0 0 1 0 -1
0.866732520931208 0 0 0 0 1 0 0 0 0 1 0 0 0 0 1 0 1
1.13922125982542 0 0 1 0 0 0 1 0 0 0 0 0 0 0 1 0 -1
0.594243782036993 1 0 0 0 0 1 0 0 0 0 0 0 0 0 1 0 -1
-0.427588988816312 1 0 0 0 0 0 0 0 1 0 0 0 0 0 1 0 -1
-0.76819991243408 1 0 0 0 0 0 0 0 0 1 0 0 0 0 1 0 -1
1.27546562927253 0 0 0 0 1 0 0 0 0 1 0 0 0 0 1 0 1
0.185510673695671 0 0 0 0 1 0 0 0 0 1 0 0 0 0 1 0 1
1.47983218344319 0 0 1 0 0 0 0 0 1 0 0 0 0 0 1 0 -1
-0.427588988816312 0 0 0 1 0 0 1 0 0 0 0 0 0 0 1 0 -1
-1.44942175966962 1 0 0 0 0 1 0 0 0 0 0 0 0 0 0 1 -1
0.321755043142779 0 0 0 0 1 0 0 0 1 0 0 0 0 0 1 0 1
0.934854705654762 0 0 0 0 1 0 0 0 1 0 0 0 0 0 1 0 1
-0.155100249922097 0 0 1 0 0 0 1 0 0 0 0 0 0 0 1 0 -1
-0.631955542986973 0 0 0 1 0 0 0 0 0 1 0 0 0 0 1 0 -1
1.27546562927253 0 0 0 0 1 0 0 0 0 1 0 0 0 0 1 0 1
0.185510673695671 0 1 0 0 0 0 1 0 0 0 0 0 0 0 1 0 -1
0.866732520931208 0 0 0 0 1 0 0 0 0 1 0 0 0 0 1 0 1
-0.631955542986973 0 0 0 0 1 0 0 0 1 0 0 0 0 0 1 0 -1
0.389877227866332 0 0 1 0 0 0 0 0 0 1 0 0 0 0 1 0 1
1.00297689037832 0 0 0 0 1 0 0 0 1 0 0 0 0 0 1 0 1
-1.24505520549896 0 0 0 0 1 0 0 0 0 1 0 0 0 0 1 0 1
0.662365966760547 0 0 0 0 1 0 0 0 0 0 1 0 0 0 1 0 1
0.798610336207654 0 0 0 0 1 0 0 0 0 1 0 0 0 0 1 0 -1
0.934854705654762 0 0 0 1 0 0 0 0 0 1 0 0 0 0 1 0 -1
1.41170999871964 0 0 0 0 1 0 0 0 0 1 0 0 0 0 1 0 1
0.662365966760547 0 0 0 0 1 0 0 0 1 0 0 0 0 0 1 0 -1
1.13922125982542 0 0 0 0 1 0 0 1 0 0 0 0 0 0 1 0 1
0.457999412589886 0 0 0 0 1 0 0 1 0 0 0 0 0 0 1 0 -1
-0.904444281881188 0 0 0 0 1 0 0 0 0 1 0 0 0 0 1 0 1
0.730488151484101 0 0 0 0 1 0 0 0 1 0 0 0 0 0 1 0 1
-0.495711173539866 0 0 0 0 1 0 0 0 0 1 0 0 0 0 1 0 1
-1.38129957494606 0 1 0 0 0 0 1 0 0 0 0 0 0 0 1 0 -1
0.321755043142779 0 0 0 0 1 0 0 0 0 1 0 0 0 0 1 0 1
0.798610336207654 0 0 0 0 1 0 0 1 0 0 0 0 0 0 1 0 1
1.54795436816674 0 0 0 0 1 0 0 0 0 1 0 0 0 0 1 0 1
0.730488151484101 0 1 0 0 0 0 1 0 0 0 0 0 0 0 1 0 1
-1.99439923745805 0 1 0 0 0 0 1 0 0 0 0 1 0 0 0 0 -1
-0.495711173539866 0 1 0 0 0 0 1 0 0 0 0 0 0 0 1 0 -1
-1.65378831384028 0 1 0 0 0 0 1 0 0 0 0 0 0 0 1 0 -1
-0.836322097157634 0 0 0 0 1 0 0 0 1 0 0 0 0 0 1 0 1
1.13922125982542 0 0 1 0 0 0 0 0 0 1 0 0 0 0 1 0 -1
0.730488151484101 0 1 0 0 0 0 1 0 0 0 0 0 0 0 1 0 1
0.0492663042485638 0 0 0 0 1 0 0 0 0 1 0 0 0 0 1 0 -1
0.185510673695671 0 0 0 0 1 0 0 0 0 0 1 0 0 0 1 0 1
-1.51754394439317 0 0 1 0 0 0 0 0 0 1 0 0 0 0 1 0 1
-1.24505520549896 0 1 0 0 0 0 1 0 0 0 0 0 0 0 1 0 -1
-1.31317739022251 0 0 0 0 1 0 0 0 1 0 0 0 0 0 1 0 1
-1.10881083605185 0 0 1 0 0 0 0 0 1 0 0 0 0 0 1 0 -1
-1.10881083605185 0 0 0 0 1 0 0 0 0 1 0 0 0 0 1 0 1
1.88856529178451 0 0 0 0 1 0 0 0 0 1 0 0 0 0 1 0 1
0.866732520931208 0 0 0 0 1 0 0 0 0 0 1 0 0 0 1 0 1
0.52612159731344 0 0 0 1 0 0 0 0 0 1 0 0 0 0 1 0 1
1.54795436816674 0 0 0 0 1 0 0 0 0 1 0 0 0 0 1 0 1
-1.1769330207754 0 0 1 0 0 0 0 0 1 0 0 0 0 0 1 0 -1
-0.631955542986973 0 0 0 0 1 0 0 0 1 0 0 0 0 0 1 0 1
0.321755043142779 0 0 0 0 1 0 0 0 0 1 0 0 0 0 1 0 1
0.0492663042485638 0 0 1 0 0 0 0 0 1 0 0 0 0 0 1 0 1
-1.51754394439317 0 1 0 0 0 0 1 0 0 0 0 0 0 0 1 0 -1
-2.60749889997003 0 0 0 0 1 0 0 0 0 0 1 0 0 0 1 0 1
0.934854705654762 0 1 0 0 0 0 0 0 0 0 1 0 0 0 1 0 1
0.730488151484101 0 1 0 0 0 0 0 0 0 1 0 0 0 0 1 0 1
1.13922125982542 0 1 0 0 0 0 0 0 1 0 0 0 0 0 1 0 -1
-1.79003268328739 0 1 0 0 0 0 1 0 0 0 0 0 0 0 1 0 -1
-0.0869780651985435 0 0 0 0 1 0 0 0 0 0 1 0 0 0 1 0 1
1.68419873761385 0 0 0 0 1 0 0 0 0 1 0 0 0 0 1 0 1
0.866732520931208 0 0 0 0 1 0 0 0 1 0 0 0 0 0 1 0 1
-1.38129957494606 0 0 1 0 0 0 1 0 0 0 0 0 0 0 1 0 -1
0.117388488972117 0 0 0 1 0 1 0 0 0 0 0 0 0 0 1 0 -1
-2.60749889997003 0 0 0 0 1 0 0 0 0 1 0 0 0 0 1 0 1
-0.359466804092758 0 1 0 0 0 0 1 0 0 0 0 0 0 0 1 0 -1
-1.58566612911672 0 0 0 0 1 0 0 0 1 0 0 0 0 0 1 0 -1
0.934854705654762 0 0 0 0 1 0 0 0 0 0 1 0 0 0 1 0 1
1.07109907510187 0 0 0 0 1 0 0 0 0 0 1 0 0 0 1 0 1
2.16105403067873 0 0 0 0 1 0 0 0 0 0 1 0 0 0 1 0 1
-1.04068865132829 0 0 1 0 0 1 0 0 0 0 0 0 0 0 1 0 -1
-1.65378831384028 0 1 0 0 0 0 1 0 0 0 0 1 0 0 0 0 -1
0.594243782036993 0 1 0 0 0 0 1 0 0 0 0 0 0 0 1 0 -1
-0.0188558804749899 0 0 0 0 1 0 0 0 0 0 1 0 0 0 1 0 1
-2.53937671524648 0 1 0 0 0 0 1 0 0 0 0 0 0 0 1 0 -1
-0.359466804092758 0 0 1 0 0 0 1 0 0 0 0 1 0 0 0 0 -1
-0.155100249922097 0 1 0 0 0 0 1 0 0 0 0 0 0 0 1 0 -1
1.95668747650807 0 0 0 0 1 0 0 0 0 0 1 0 0 0 1 0 1
1.68419873761385 0 0 0 0 1 0 0 0 1 0 0 0 0 0 1 0 1
-1.58566612911672 0 1 0 0 0 0 1 0 0 0 0 0 0 0 1 0 -1
1.47983218344319 0 0 0 1 0 0 0 0 0 1 0 0 0 0 1 0 1
-1.1769330207754 0 1 0 0 0 0 1 0 0 0 0 0 0 0 1 0 -1
-0.0869780651985435 0 0 0 0 1 0 0 0 0 0 1 0 0 0 1 0 1
0.52612159731344 0 1 0 0 0 0 1 0 0 0 0 0 0 0 1 0 -1
0.389877227866332 0 1 0 0 0 0 1 0 0 0 0 0 0 0 1 0 -1
-0.223222434645651 0 1 0 0 0 0 1 0 0 0 0 0 0 0 1 0 -1
-1.31317739022251 0 1 0 0 0 0 1 0 0 0 0 0 0 0 1 0 -1
-0.972566466604741 1 0 0 0 0 1 0 0 0 0 0 0 0 0 1 0 -1
0.253632858419225 0 1 0 0 0 0 1 0 0 0 0 0 0 0 1 0 -1
-0.291344619369205 0 0 0 0 1 0 0 0 0 1 0 0 0 1 0 0 1
-1.31317739022251 0 1 0 0 0 0 1 0 0 0 0 0 0 0 1 0 -1
-1.04068865132829 0 0 0 0 1 0 0 0 1 0 0 0 0 0 1 0 1
-0.427588988816312 0 1 0 0 0 0 1 0 0 0 0 0 0 0 1 0 -1
-1.24505520549896 0 0 1 0 0 0 0 0 1 0 0 0 0 0 1 0 -1
-0.631955542986973 0 1 0 0 0 0 1 0 0 0 0 0 0 0 1 0 -1
0.52612159731344 0 1 0 0 0 0 1 0 0 0 0 0 0 0 1 0 -1
-1.85815486801094 0 0 1 0 0 0 1 0 0 0 0 0 0 0 1 0 -1
-0.563833358263419 0 0 1 0 0 0 1 0 0 0 0 0 0 0 1 0 -1
-0.904444281881188 0 0 1 0 0 0 1 0 0 0 0 0 0 0 1 0 1
-0.76819991243408 0 0 0 0 1 0 0 0 0 0 1 0 0 0 1 0 1
-0.427588988816312 0 0 0 0 1 0 0 0 0 1 0 0 0 0 1 0 -1
-0.563833358263419 0 0 0 0 1 0 0 0 0 0 1 0 0 0 1 0 1
-0.223222434645651 0 0 0 0 1 0 0 0 0 0 1 0 0 0 1 0 1
-0.155100249922097 0 1 0 0 0 0 1 0 0 0 0 0 0 0 1 0 1
1.88856529178451 0 0 0 1 0 0 0 0 1 0 0 0 0 0 1 0 1
-0.359466804092758 0 0 0 0 1 0 0 0 0 1 0 1 0 0 0 0 1
0.52612159731344 0 0 0 0 1 0 0 0 0 1 0 0 0 0 1 0 1
1.82044310706096 1 0 0 0 0 0 0 0 0 0 1 0 0 0 1 0 1
-0.0869780651985435 0 1 0 0 0 0 1 0 0 0 0 0 0 0 1 0 -1
-0.359466804092758 0 0 0 0 1 0 0 0 0 1 0 0 0 0 1 0 -1
1.68419873761385 0 0 0 0 1 0 0 0 0 0 1 0 0 0 1 0 1
-0.700077727710527 0 0 1 0 0 0 0 0 0 1 0 0 0 0 1 0 -1
0.253632858419225 0 0 0 0 1 0 0 0 0 1 0 1 0 0 0 0 1
-1.85815486801094 0 0 1 0 0 0 1 0 0 0 0 0 0 0 1 0 -1
-1.65378831384028 0 1 0 0 0 0 1 0 0 0 0 0 0 0 1 0 -1
-0.972566466604741 0 0 1 0 0 0 1 0 0 0 0 0 0 0 1 0 -1
-2.33501016107581 0 0 0 1 0 0 1 0 0 0 0 0 0 0 1 0 -1
-0.76819991243408 0 0 0 1 0 0 0 0 0 1 0 0 0 0 1 0 1
-0.427588988816312 0 0 0 0 1 0 0 0 0 1 0 0 0 0 1 0 1
1.07109907510187 0 0 0 0 1 0 0 0 0 0 1 0 0 0 1 0 1
1.34358781399608 0 0 0 0 1 0 0 0 0 0 1 0 0 0 1 0 1
-1.1769330207754 0 0 1 0 0 0 1 0 0 0 0 0 0 0 1 0 -1
0.321755043142779 0 1 0 0 0 0 0 0 1 0 0 0 0 0 1 0 -1
2.16105403067873 0 0 0 0 1 0 0 0 0 0 1 0 0 0 1 0 1
1.00297689037832 0 0 0 0 1 0 0 0 0 1 0 0 0 0 1 0 1
-0.0188558804749899 0 0 0 0 1 0 0 0 0 0 1 0 0 0 1 0 1
-2.33501016107581 0 1 0 0 0 0 1 0 0 0 0 0 0 0 1 0 -1
-0.359466804092758 0 1 0 0 0 0 1 0 0 0 0 0 0 0 1 0 -1
1.41170999871964 0 0 0 0 1 0 0 0 0 0 1 0 0 0 1 0 1
-2.19876579162871 0 1 0 0 0 0 1 0 0 0 0 0 0 0 1 0 -1
0.866732520931208 1 0 0 0 0 1 0 0 0 0 0 0 0 0 1 0 -1
0.457999412589886 0 0 0 0 1 1 0 0 0 0 0 0 0 0 1 0 1
0.662365966760547 0 1 0 0 0 1 0 0 0 0 0 0 0 0 1 0 1
1.20734344454898 0 0 0 0 1 0 0 0 0 0 1 0 0 0 1 0 1
-1.1769330207754 0 0 1 0 0 0 0 0 1 0 0 0 0 0 1 0 -1
0.117388488972117 0 1 0 0 0 0 1 0 0 0 0 0 0 0 1 0 -1
0.662365966760547 0 0 0 0 1 0 0 0 0 0 1 0 0 0 1 0 1
0.798610336207654 0 0 1 0 0 0 0 0 0 1 0 0 0 0 1 0 1
0.389877227866332 0 0 1 0 0 0 0 0 0 1 0 0 0 0 1 0 1
0.0492663042485638 0 0 0 0 1 0 0 0 0 1 0 0 0 0 1 0 -1
1.07109907510187 0 0 1 0 0 0 0 0 0 1 0 0 0 0 1 0 1
-0.427588988816312 0 0 1 0 0 0 0 1 0 0 0 0 0 0 1 0 -1
-0.0188558804749899 1 0 0 0 0 1 0 0 0 0 0 0 0 0 1 0 -1
-0.76819991243408 0 0 1 0 0 0 1 0 0 0 0 0 0 0 1 0 -1
0.185510673695671 0 0 0 0 1 0 0 0 0 1 0 0 0 0 1 0 -1
-1.92627705273449 0 0 1 0 0 0 1 0 0 0 0 0 0 0 1 0 -1
1.20734344454898 0 0 0 0 1 0 0 0 0 0 1 0 0 0 1 0 1
-1.44942175966962 0 0 1 0 0 0 1 0 0 0 0 0 0 0 1 0 -1
0.52612159731344 1 0 0 0 0 0 0 0 0 1 0 0 0 0 1 0 1
-0.359466804092758 0 0 1 0 0 0 1 0 0 0 0 0 0 0 1 0 1
0.457999412589886 0 0 1 0 0 0 1 0 0 0 0 0 0 0 1 0 -1
-2.33501016107581 0 0 0 1 0 0 1 0 0 0 0 0 0 0 1 0 -1
-0.427588988816312 0 0 1 0 0 1 0 0 0 0 0 0 0 0 1 0 -1
-1.31317739022251 0 0 0 1 0 0 1 0 0 0 0 0 0 0 1 0 -1
-0.700077727710527 0 0 1 0 0 0 1 0 0 0 0 0 0 0 1 0 1
0.798610336207654 0 0 0 0 1 0 0 0 0 0 1 0 0 0 1 0 1
-2.33501016107581 0 1 0 0 0 0 1 0 0 0 0 0 0 0 1 0 -1
0.117388488972117 0 0 1 0 0 0 1 0 0 0 0 0 0 0 1 0 -1
0.730488151484101 0 0 0 0 1 0 0 0 0 0 1 0 0 0 1 0 1
1.07109907510187 0 0 0 0 1 0 0 0 0 1 0 0 0 0 1 0 1
0.934854705654762 0 0 0 1 0 0 0 0 0 1 0 0 0 0 1 0 1
1.68419873761385 0 0 0 0 1 0 0 0 0 0 1 0 0 0 1 0 1
-1.92627705273449 0 0 1 0 0 0 1 0 0 0 0 0 0 0 1 0 -1
-1.1769330207754 0 0 1 0 0 0 1 0 0 0 0 0 0 0 1 0 -1
-2.19876579162871 0 0 1 0 0 0 1 0 0 0 0 0 0 0 1 0 -1
1.00297689037832 1 0 0 0 0 0 0 0 0 0 1 0 0 0 1 0 1
-0.631955542986973 0 0 0 0 1 0 0 0 1 0 0 0 0 0 1 0 -1
0.389877227866332 0 0 1 0 0 0 0 0 1 0 0 0 0 0 1 0 -1
0.662365966760547 0 0 0 0 1 0 0 0 0 0 1 0 0 0 1 0 1
0.321755043142779 0 0 0 0 1 0 0 0 1 0 0 0 0 0 1 0 -1
1.88856529178451 0 0 0 0 1 0 0 0 0 0 1 0 0 0 1 0 1
-1.04068865132829 0 0 0 0 1 0 0 0 0 1 0 0 0 0 1 0 1
0.253632858419225 1 0 0 0 0 0 0 0 0 1 0 0 0 0 1 0 -1
-0.155100249922097 0 0 0 1 0 0 0 0 0 1 0 0 0 0 1 0 -1
1.41170999871964 0 0 0 0 1 0 0 0 0 1 0 0 0 0 1 0 -1
1.6160765528903 0 1 0 0 0 0 0 0 0 1 0 0 0 0 1 0 1
-1.1769330207754 0 0 1 0 0 0 0 0 0 1 0 0 0 0 1 0 1
0.389877227866332 0 0 0 1 0 0 0 0 0 1 0 0 0 0 1 0 -1
0.0492663042485638 0 0 1 0 0 0 1 0 0 0 0 0 0 0 1 0 -1
-0.76819991243408 0 0 1 0 0 0 1 0 0 0 0 0 0 0 1 0 -1
0.594243782036993 0 0 0 1 0 0 0 0 0 1 0 1 0 0 0 0 1
0.730488151484101 0 0 0 1 0 0 0 0 1 0 0 0 0 0 1 0 -1
-0.359466804092758 0 0 0 1 0 0 0 0 1 0 0 0 0 0 1 0 -1
-0.631955542986973 0 1 0 0 0 0 1 0 0 0 0 0 0 0 1 0 -1
-1.10881083605185 0 1 0 0 0 0 1 0 0 0 0 0 0 0 1 0 -1
0.321755043142779 0 0 0 1 0 1 0 0 0 0 0 1 0 0 0 0 -1
-0.0188558804749899 0 0 0 0 1 0 0 0 0 0 1 0 0 0 1 0 1
-1.04068865132829 0 0 1 0 0 0 1 0 0 0 0 0 0 0 1 0 -1
-1.99439923745805 0 1 0 0 0 0 1 0 0 0 0 0 0 0 1 0 -1
1.95668747650807 0 0 0 1 0 0 0 1 0 0 0 0 0 0 1 0 1
-0.972566466604741 0 0 1 0 0 0 0 1 0 0 0 0 0 0 1 0 -1
0.52612159731344 0 1 0 0 0 0 1 0 0 0 0 0 0 0 1 0 -1
0.662365966760547 1 0 0 0 0 0 1 0 0 0 0 0 0 1 0 0 -1
-0.427588988816312 0 1 0 0 0 0 1 0 0 0 0 0 0 0 1 0 -1
0.0492663042485638 0 0 1 0 0 0 0 1 0 0 0 0 0 0 1 0 1
0.662365966760547 0 0 0 0 1 0 0 0 0 1 0 0 0 0 1 0 -1
-0.0869780651985435 0 1 0 0 0 0 1 0 0 0 0 0 0 0 1 0 -1
-1.31317739022251 0 1 0 0 0 0 1 0 0 0 0 0 0 0 1 0 -1
-0.427588988816312 0 0 0 0 1 0 0 0 0 1 0 0 0 0 1 0 -1
0.253632858419225 0 0 0 0 1 0 0 0 0 1 0 0 0 0 1 0 1
1.34358781399608 0 0 0 0 1 0 0 0 0 1 0 0 0 0 1 0 1
0.253632858419225 0 0 0 0 1 0 0 1 0 0 0 0 0 0 1 0 -1
0.253632858419225 0 0 0 0 1 0 0 0 0 1 0 0 0 0 1 0 1
-1.85815486801094 0 0 0 0 1 0 0 0 0 1 0 0 0 0 1 0 1
-0.155100249922097 0 0 0 0 1 0 0 0 0 0 1 0 0 0 1 0 -1
0.117388488972117 0 0 0 0 1 0 0 0 0 1 0 0 0 0 1 0 -1
1.47983218344319 0 0 0 0 1 0 0 0 1 0 0 0 0 0 0 1 -1
2.02480966123162 0 0 0 0 1 0 0 0 1 0 0 0 0 0 1 0 1
0.253632858419225 0 0 0 0 1 0 0 0 0 1 0 0 0 0 1 0 -1
0.253632858419225 0 1 0 0 0 0 0 0 0 0 1 0 0 0 1 0 1
0.662365966760547 0 0 0 1 0 0 0 0 1 0 0 0 0 0 1 0 1
-0.0869780651985435 0 0 1 0 0 0 1 0 0 0 0 0 0 0 1 0 -1
-0.631955542986973 0 0 0 0 1 0 0 0 0 0 1 0 0 0 1 0 1
0.52612159731344 0 0 0 0 1 0 0 0 0 1 0 0 0 0 1 0 1
-0.155100249922097 0 1 0 0 0 0 1 0 0 0 0 0 0 0 1 0 1
0.0492663042485638 0 1 0 0 0 0 1 0 0 0 0 0 0 0 1 0 -1
0.730488151484101 0 0 0 0 1 0 0 0 0 1 0 0 0 0 1 0 1
0.730488151484101 0 0 0 0 1 0 0 0 0 0 1 0 0 0 1 0 1
-0.0188558804749899 0 1 0 0 0 0 1 0 0 0 0 0 0 0 1 0 -1
-0.76819991243408 0 1 0 0 0 0 1 0 0 0 0 0 0 0 1 0 -1
2.09293184595517 0 0 0 1 0 0 0 0 0 1 0 0 0 0 1 0 1
-0.563833358263419 0 0 0 0 1 0 0 0 0 0 1 0 0 0 1 0 1
0.253632858419225 0 0 0 0 1 0 0 0 0 0 1 0 0 0 1 0 1
0.730488151484101 0 0 0 0 1 0 0 0 0 0 1 0 0 0 1 0 -1
0.389877227866332 0 0 0 0 1 0 0 0 1 0 0 0 0 0 1 0 1
-0.631955542986973 1 0 0 0 0 0 0 0 0 0 1 1 0 0 0 0 1
0.934854705654762 0 1 0 0 0 0 1 0 0 0 0 0 0 0 1 0 -1
2.29729840012584 0 1 0 0 0 0 0 0 0 0 1 0 0 0 1 0 1
-1.10881083605185 0 1 0 0 0 0 0 0 1 0 0 0 0 0 1 0 -1
-0.76819991243408 0 0 0 0 1 0 0 0 0 0 1 0 0 0 1 0 1
-0.700077727710527 0 0 1 0 0 0 0 1 0 0 0 0 0 0 1 0 -1
-0.291344619369205 0 0 0 1 0 0 0 0 0 1 0 0 0 0 1 0 -1
0.0492663042485638 0 0 1 0 0 0 0 0 0 1 0 0 0 0 1 0 -1
0.730488151484101 0 0 0 0 1 0 0 0 0 1 0 0 0 0 1 0 -1
0.389877227866332 0 0 0 0 1 0 0 0 0 0 1 0 0 0 1 0 1
0.594243782036993 0 0 0 1 0 0 0 0 1 0 0 0 0 0 1 0 1
0.117388488972117 0 0 1 0 0 0 0 0 0 1 0 0 0 0 1 0 -1
1.6160765528903 0 0 0 0 1 0 0 0 0 1 0 0 0 0 1 0 1
0.117388488972117 0 0 1 0 0 0 1 0 0 0 0 1 0 0 0 0 -1
-0.76819991243408 0 0 0 0 1 0 1 0 0 0 0 0 1 0 0 0 -1
-1.65378831384028 0 0 1 0 0 0 1 0 0 0 0 0 0 0 1 0 -1
0.52612159731344 0 0 0 0 1 0 0 0 0 1 0 0 0 0 1 0 -1
0.594243782036993 0 1 0 0 0 0 1 0 0 0 0 0 0 0 1 0 -1
-0.563833358263419 0 0 0 0 1 0 0 0 0 0 1 0 0 0 1 0 -1
0.866732520931208 0 0 0 0 1 0 0 0 0 0 1 0 0 0 1 0 1
-1.72191049856383 0 1 0 0 0 0 1 0 0 0 0 0 0 0 1 0 -1
-0.836322097157634 0 0 0 0 1 0 0 0 0 0 1 0 0 0 1 0 1
0.0492663042485638 0 1 0 0 0 0 1 0 0 0 0 0 0 0 1 0 -1
-0.631955542986973 0 0 1 0 0 0 1 0 0 0 0 0 0 0 1 0 -1
0.798610336207654 0 0 1 0 0 0 1 0 0 0 0 0 0 0 1 0 -1
-0.223222434645651 0 0 0 0 1 0 0 0 0 0 1 0 0 0 1 0 1
0.798610336207654 0 0 0 0 1 0 0 0 0 1 0 0 0 0 1 0 1
-0.563833358263419 0 0 1 0 0 0 1 0 0 0 0 0 0 0 1 0 -1
0.185510673695671 0 0 0 0 1 0 0 0 0 0 1 0 0 0 1 0 1
-1.85815486801094 0 0 1 0 0 0 1 0 0 0 0 0 0 0 1 0 -1
-0.836322097157634 0 1 0 0 0 0 1 0 0 0 0 0 0 0 1 0 -1
0.117388488972117 0 0 1 0 0 0 0 0 0 1 0 0 0 0 1 0 -1
0.866732520931208 0 0 0 0 1 0 0 0 0 0 1 0 0 0 1 0 1
0.594243782036993 0 0 1 0 0 0 0 0 0 1 0 0 0 0 1 0 -1
0.594243782036993 0 0 1 0 0 0 0 0 0 1 0 0 0 0 1 0 -1
0.457999412589886 0 0 0 0 1 0 0 0 0 1 0 0 0 0 1 0 1
-1.1769330207754 0 0 0 0 1 0 1 0 0 0 0 0 0 0 1 0 -1
0.866732520931208 0 0 0 0 1 0 0 0 0 1 0 0 0 0 1 0 1
-0.972566466604741 0 0 1 0 0 0 1 0 0 0 0 0 0 0 1 0 -1
-1.38129957494606 0 0 1 0 0 0 1 0 0 0 0 0 0 0 1 0 1
0.866732520931208 0 0 1 0 0 0 1 0 0 0 0 0 0 0 1 0 -1
-0.0188558804749899 0 0 0 0 1 0 0 0 0 1 0 0 0 0 1 0 1
0.798610336207654 0 0 0 0 1 0 0 0 0 1 0 0 0 0 1 0 1
-0.291344619369205 0 0 0 0 1 0 0 0 1 0 0 0 0 0 1 0 -1
-1.04068865132829 0 1 0 0 0 0 1 0 0 0 0 0 0 0 1 0 -1
1.20734344454898 0 0 0 0 1 0 0 0 0 1 0 0 0 0 1 0 1
0.185510673695671 1 0 0 0 0 0 0 0 0 1 0 0 0 0 1 0 1
-0.291344619369205 1 0 0 0 0 0 0 0 0 1 0 0 0 0 1 0 -1
-0.359466804092758 1 0 0 0 0 1 0 0 0 0 0 0 0 0 1 0 1
0.253632858419225 0 0 0 0 1 0 0 0 1 0 0 0 0 0 1 0 1
0.321755043142779 0 0 0 1 0 0 0 0 0 0 1 0 0 0 1 0 1
-1.92627705273449 0 0 1 0 0 0 1 0 0 0 0 1 0 0 0 0 -1
-0.0869780651985435 0 0 0 0 1 0 0 0 1 0 0 0 0 0 1 0 -1
0.0492663042485638 0 1 0 0 0 0 1 0 0 0 0 0 0 0 1 0 -1
-0.155100249922097 0 0 0 0 1 0 0 0 0 0 1 0 0 0 1 0 1
-0.0869780651985435 0 0 1 0 0 0 0 0 0 1 0 0 0 0 1 0 -1
1.6160765528903 0 1 0 0 0 0 0 0 0 1 0 0 0 0 1 0 1
0.798610336207654 0 0 0 0 1 0 0 0 1 0 0 0 0 0 1 0 1
0.594243782036993 0 0 0 1 0 0 0 0 1 0 0 0 0 0 1 0 1
1.00297689037832 0 1 0 0 0 0 0 1 0 0 0 0 0 0 1 0 1
-0.0188558804749899 0 0 0 0 1 0 0 0 1 0 0 0 0 0 1 0 1
0.662365966760547 0 0 0 1 0 0 0 0 1 0 0 0 0 0 1 0 1
-0.700077727710527 0 0 0 0 1 0 0 1 0 0 0 0 0 0 1 0 1
0.117388488972117 0 0 0 0 1 0 0 0 0 1 0 1 0 0 0 0 1
-0.427588988816312 0 1 0 0 0 0 1 0 0 0 0 0 0 0 1 0 1
-2.13064360690515 0 0 1 0 0 0 1 0 0 0 0 0 0 0 1 0 -1
-0.223222434645651 0 1 0 0 0 0 1 0 0 0 0 0 0 0 1 0 -1
-0.359466804092758 0 0 1 0 0 0 1 0 0 0 0 0 0 0 1 0 -1
-1.38129957494606 0 1 0 0 0 0 1 0 0 0 0 0 0 0 1 0 -1
-2.60749889997003 0 0 0 1 0 0 0 0 1 0 0 0 0 0 1 0 1
0.594243782036993 0 0 0 0 1 0 0 0 1 0 0 0 0 0 1 0 1
-1.04068865132829 0 0 0 0 1 0 1 0 0 0 0 0 1 0 0 0 1
0.730488151484101 0 0 0 0 1 0 0 0 0 1 0 0 0 0 1 0 1
0.594243782036993 0 0 0 0 1 0 0 0 0 1 0 0 0 0 1 0 1
-0.223222434645651 0 0 0 0 1 0 0 0 1 0 0 0 0 0 1 0 1
-0.836322097157634 0 1 0 0 0 0 0 0 0 1 0 0 0 0 1 0 1
0.0492663042485638 0 0 0 0 1 0 0 0 0 1 0 0 0 0 1 0 -1
1.13922125982542 0 0 0 1 0 1 0 0 0 0 0 0 0 0 1 0 -1
-0.291344619369205 0 0 0 0 1 0 0 0 0 1 0 0 0 0 1 0 1
1.6160765528903 0 0 0 0 1 0 0 0 0 1 0 0 0 0 1 0 1
-2.26688797635226 0 0 1 0 0 0 1 0 0 0 0 0 0 0 1 0 -1
1.20734344454898 0 0 1 0 0 0 1 0 0 0 0 0 0 0 1 0 -1
-0.155100249922097 0 0 0 1 0 0 0 0 0 1 0 0 0 0 1 0 -1
0.253632858419225 0 0 1 0 0 0 1 0 0 0 0 0 0 0 1 0 1
-0.631955542986973 0 0 0 0 1 0 0 0 0 1 0 0 0 1 0 0 -1
0.730488151484101 0 0 0 0 1 0 0 0 0 1 0 0 0 0 1 0 1
-0.359466804092758 0 0 0 0 1 0 0 0 1 0 0 0 0 0 1 0 1
0.185510673695671 0 1 0 0 0 0 1 0 0 0 0 0 0 0 1 0 1
-0.0188558804749899 0 1 0 0 0 0 1 0 0 0 0 0 0 0 1 0 -1
0.457999412589886 0 0 1 0 0 0 0 0 0 1 0 0 0 0 1 0 1
0.321755043142779 0 1 0 0 0 0 1 0 0 0 0 0 0 0 1 0 -1
0.117388488972117 0 0 0 0 1 0 0 0 1 0 0 0 0 0 1 0 1
0.117388488972117 0 1 0 0 0 0 1 0 0 0 0 0 0 0 1 0 -1
-0.972566466604741 0 0 1 0 0 0 1 0 0 0 0 0 0 0 1 0 -1
1.07109907510187 0 0 1 0 0 0 1 0 0 0 0 0 0 0 1 0 1
-1.58566612911672 0 0 1 0 0 0 1 0 0 0 0 0 0 0 1 0 -1
0.117388488972117 0 0 1 0 0 0 1 0 0 0 0 0 0 0 1 0 -1
-2.47125453052292 0 1 0 0 0 0 1 0 0 0 0 0 0 0 1 0 -1
0.457999412589886 0 0 1 0 0 0 0 0 0 1 0 0 0 0 1 0 1
0.798610336207654 0 0 0 0 1 0 0 0 0 0 1 0 0 0 1 0 1
-0.359466804092758 0 0 0 0 1 0 0 0 0 0 1 0 0 0 1 0 -1
0.662365966760547 0 0 1 0 0 0 0 0 1 0 0 0 0 1 0 0 -1
-1.04068865132829 0 0 1 0 0 0 0 0 0 1 0 0 0 1 0 0 -1
1.07109907510187 0 0 0 0 1 0 0 0 0 1 0 0 0 0 1 0 1
0.866732520931208 0 0 0 0 1 0 0 0 1 0 0 0 0 0 1 0 1
0.866732520931208 0 1 0 0 0 0 1 0 0 0 0 0 0 0 1 0 -1
-1.79003268328739 0 1 0 0 0 0 1 0 0 0 0 0 0 0 1 0 -1
-0.155100249922097 0 0 1 0 0 0 1 0 0 0 0 0 0 0 1 0 -1
0.730488151484101 0 0 0 0 1 0 0 0 0 1 0 0 0 0 1 0 1
0.321755043142779 0 0 0 1 0 1 0 0 0 0 0 0 0 0 0 1 -1
1.41170999871964 0 0 0 0 1 0 0 0 0 1 0 0 0 0 1 0 1
0.185510673695671 0 0 1 0 0 0 1 0 0 0 0 0 0 1 0 0 -1
2.36542058484939 0 0 0 1 0 0 0 0 0 1 0 0 0 0 1 0 1
1.00297689037832 0 0 0 0 1 0 0 0 0 1 0 0 0 0 1 0 1
-1.44942175966962 0 0 1 0 0 0 1 0 0 0 0 0 0 0 1 0 -1
0.253632858419225 0 0 1 0 0 0 1 0 0 0 0 0 0 0 1 0 -1
-0.700077727710527 0 0 0 1 0 0 1 0 0 0 0 0 0 0 1 0 1
0.662365966760547 0 0 0 0 1 0 0 0 0 1 0 0 0 0 1 0 1
0.253632858419225 0 1 0 0 0 0 1 0 0 0 0 0 0 0 1 0 -1
-2.33501016107581 0 0 1 0 0 0 1 0 0 0 0 0 0 0 1 0 -1
-0.836322097157634 0 0 1 0 0 0 1 0 0 0 0 0 0 0 1 0 -1
-0.155100249922097 0 1 0 0 0 0 1 0 0 0 0 0 0 0 1 0 -1
0.662365966760547 0 0 1 0 0 0 1 0 0 0 0 0 0 0 1 0 -1
0.594243782036993 0 0 1 0 0 0 0 0 0 1 0 0 0 0 1 0 1
-0.155100249922097 0 0 0 0 1 0 0 0 0 1 0 0 0 0 1 0 -1
-0.291344619369205 0 1 0 0 0 0 1 0 0 0 0 0 0 0 1 0 -1
0.253632858419225 0 0 1 0 0 0 0 0 0 1 0 0 0 0 1 0 -1
0.0492663042485638 0 0 1 0 0 0 1 0 0 0 0 0 0 0 1 0 -1
0.321755043142779 0 0 1 0 0 0 1 0 0 0 0 0 0 0 1 0 -1
-2.26688797635226 0 1 0 0 0 0 1 0 0 0 0 0 0 0 1 0 -1
-2.0625214221816 0 0 1 0 0 0 1 0 0 0 0 0 0 0 1 0 -1
1.41170999871964 0 0 0 1 0 1 0 0 0 0 0 0 0 0 1 0 -1
0.934854705654762 0 0 0 0 1 0 0 0 0 1 0 0 0 0 1 0 1
0.185510673695671 0 0 1 0 0 0 1 0 0 0 0 0 0 0 1 0 -1
0.457999412589886 0 0 0 0 1 0 0 0 1 0 0 0 0 0 1 0 1
0.0492663042485638 0 0 0 0 1 0 0 0 0 1 0 0 0 0 1 0 -1
0.594243782036993 0 1 0 0 0 0 1 0 0 0 0 0 0 0 1 0 -1
-1.58566612911672 0 0 1 0 0 0 1 0 0 0 0 0 0 0 1 0 -1
-0.495711173539866 1 0 0 0 0 0 0 0 0 1 0 1 0 0 0 0 1
0.253632858419225 0 0 0 0 1 0 0 0 0 1 0 0 0 1 0 0 1
-0.223222434645651 0 1 0 0 0 0 1 0 0 0 0 0 0 0 1 0 -1
0.52612159731344 0 0 0 0 1 0 0 0 0 1 0 0 0 0 1 0 -1
0.798610336207654 0 0 0 0 1 0 0 0 0 1 0 0 0 0 1 0 1
0.389877227866332 0 0 0 0 1 0 0 0 0 1 0 0 0 0 1 0 1
0.253632858419225 0 0 0 0 1 0 0 0 0 0 1 0 0 0 1 0 1
-0.223222434645651 0 0 0 0 1 0 0 0 1 0 0 0 0 0 1 0 1
-1.38129957494606 0 0 0 0 1 0 0 0 0 1 0 0 0 0 1 0 -1
1.47983218344319 0 0 0 1 0 0 0 0 1 0 0 0 0 0 1 0 1
1.07109907510187 0 0 0 0 1 0 0 0 1 0 0 0 0 0 1 0 1
0.52612159731344 0 0 0 0 1 0 0 0 1 0 0 0 0 0 1 0 1
-1.1769330207754 0 0 1 0 0 0 1 0 0 0 0 0 0 1 0 0 -1
1.13922125982542 0 0 0 0 1 0 0 0 1 0 0 0 0 0 1 0 1
1.41170999871964 0 0 0 0 1 0 0 0 1 0 0 0 0 0 1 0 1
-0.155100249922097 0 0 0 1 0 0 0 0 1 0 0 0 0 0 1 0 -1
0.798610336207654 0 0 0 0 1 0 0 0 0 0 1 0 0 0 1 0 -1
0.934854705654762 0 0 1 0 0 0 0 0 0 1 0 0 0 0 1 0 1
-0.0869780651985435 0 1 0 0 0 0 1 0 0 0 0 0 0 0 1 0 -1
-1.38129957494606 0 0 1 0 0 0 1 0 0 0 0 0 0 1 0 0 -1
0.866732520931208 0 0 0 0 1 0 0 0 1 0 0 0 0 0 1 0 1
0.866732520931208 0 0 0 0 1 0 0 0 0 1 0 0 0 0 1 0 -1
0.798610336207654 0 0 1 0 0 0 0 0 0 1 0 0 0 0 1 0 1
-1.10881083605185 0 1 0 0 0 0 1 0 0 0 0 0 0 0 1 0 -1
-0.76819991243408 0 0 1 0 0 0 1 0 0 0 0 0 0 0 1 0 -1
-1.51754394439317 0 1 0 0 0 0 1 0 0 0 0 0 0 0 1 0 -1
0.321755043142779 1 0 0 0 0 0 0 0 0 1 0 0 0 0 1 0 -1
0.185510673695671 0 1 0 0 0 0 1 0 0 0 0 0 0 0 1 0 -1
-1.65378831384028 0 1 0 0 0 0 1 0 0 0 0 0 0 0 1 0 -1
-2.19876579162871 0 1 0 0 0 0 1 0 0 0 0 0 0 0 1 0 -1
0.0492663042485638 0 0 0 0 1 0 0 0 0 0 1 0 0 0 1 0 1
0.934854705654762 0 0 1 0 0 0 1 0 0 0 0 0 0 0 1 0 1
0.52612159731344 0 1 0 0 0 0 1 0 0 0 0 0 0 0 1 0 -1
0.662365966760547 0 1 0 0 0 0 1 0 0 0 0 0 0 0 1 0 1
-0.76819991243408 0 0 1 0 0 0 1 0 0 0 0 0 0 1 0 0 -1
0.457999412589886 0 0 0 1 0 0 0 0 1 0 0 0 0 0 1 0 1
0.798610336207654 0 0 0 0 1 0 0 0 0 1 0 0 0 0 1 0 1
0.0492663042485638 0 0 1 0 0 0 1 0 0 0 0 0 0 0 1 0 -1
-0.223222434645651 0 0 0 1 0 0 0 0 0 1 0 0 0 0 1 0 -1
-0.836322097157634 0 1 0 0 0 0 1 0 0 0 0 0 0 0 1 0 1
-0.972566466604741 0 0 0 0 1 0 0 0 1 0 0 0 0 1 0 0 1
-0.904444281881188 0 0 0 1 0 0 0 0 0 1 0 0 0 1 0 0 -1
-0.631955542986973 0 1 0 0 0 0 1 0 0 0 0 0 0 0 1 0 -1
-0.0188558804749899 0 0 0 0 1 0 0 0 0 1 0 0 0 0 1 0 1
0.185510673695671 0 0 0 0 1 0 0 0 0 1 0 0 0 1 0 0 1
2.16105403067873 0 0 0 0 1 0 0 0 0 1 0 0 0 0 1 0 1
0.730488151484101 0 0 1 0 0 0 1 0 0 0 0 0 0 0 1 0 -1
1.13922125982542 0 0 0 0 1 0 0 0 1 0 0 0 0 0 1 0 1
0.321755043142779 0 0 0 0 1 0 0 0 1 0 0 0 0 0 1 0 1
1.88856529178451 0 0 0 0 1 0 0 0 0 1 0 0 0 1 0 0 1
-1.65378831384028 0 0 1 0 0 0 1 0 0 0 0 0 0 0 1 0 -1
-0.155100249922097 0 0 1 0 0 0 1 0 0 0 0 0 0 0 1 0 -1
0.594243782036993 0 0 1 0 0 0 0 0 1 0 0 0 0 0 1 0 -1
-1.65378831384028 0 0 0 0 1 0 0 0 0 1 0 0 0 1 0 0 1
0.457999412589886 0 0 0 0 1 0 0 0 0 1 0 0 0 1 0 0 1
0.0492663042485638 0 0 1 0 0 0 1 0 0 0 0 0 0 0 1 0 -1
0.185510673695671 0 0 0 0 1 0 0 0 0 1 0 0 0 0 1 0 1
0.798610336207654 0 1 0 0 0 0 0 0 0 1 0 0 0 0 1 0 -1
1.34358781399608 0 0 0 0 1 0 0 0 0 0 1 0 0 0 1 0 1
0.662365966760547 0 0 0 1 0 0 0 0 0 1 0 0 0 0 1 0 1
1.27546562927253 0 0 0 1 0 0 0 1 0 0 0 0 0 0 1 0 1
0.253632858419225 0 0 1 0 0 0 1 0 0 0 0 0 0 0 1 0 -1
0.117388488972117 0 0 0 0 1 0 0 0 0 1 0 0 0 0 0 1 1
1.41170999871964 0 0 0 1 0 0 0 1 0 0 0 0 0 0 1 0 -1
0.52612159731344 0 1 0 0 0 0 0 0 0 1 0 0 0 0 1 0 -1
-0.76819991243408 0 1 0 0 0 0 1 0 0 0 0 0 0 0 1 0 -1
-0.904444281881188 0 0 0 1 0 0 1 0 0 0 0 0 0 1 0 0 -1
-1.38129957494606 0 0 0 1 0 1 0 0 0 0 0 0 0 1 0 0 -1
0.662365966760547 0 0 0 0 1 0 0 0 1 0 0 0 0 0 1 0 1
1.00297689037832 0 0 1 0 0 0 1 0 0 0 0 0 0 0 1 0 -1
-0.495711173539866 0 1 0 0 0 0 1 0 0 0 0 0 0 0 1 0 -1
1.27546562927253 0 1 0 0 0 0 1 0 0 0 0 0 1 0 0 0 1
-1.04068865132829 1 0 0 0 0 0 0 0 1 0 0 0 0 0 0 1 1
0.52612159731344 0 1 0 0 0 0 1 0 0 0 0 0 0 0 1 0 -1
0.321755043142779 0 0 0 0 1 0 0 0 0 1 0 0 0 0 1 0 1
2.09293184595517 0 0 0 0 1 0 0 0 1 0 0 0 0 0 1 0 1
-1.92627705273449 0 1 0 0 0 0 1 0 0 0 0 0 0 0 1 0 -1
1.07109907510187 0 0 0 0 1 0 0 0 0 0 1 0 0 1 0 0 1
2.02480966123162 0 0 0 0 1 0 0 0 0 1 0 0 0 0 1 0 1
-0.291344619369205 0 0 0 1 0 0 0 0 1 0 0 0 0 0 1 0 -1
1.13922125982542 0 0 0 0 1 0 0 0 1 0 0 0 0 0 1 0 1
-0.223222434645651 0 0 0 0 1 0 0 0 0 1 0 0 0 0 1 0 1
0.730488151484101 0 0 1 0 0 0 1 0 0 0 0 0 0 0 1 0 -1
1.07109907510187 0 0 0 0 1 0 0 0 0 0 1 0 0 0 1 0 1
-0.904444281881188 0 0 1 0 0 0 1 0 0 0 0 0 0 0 1 0 -1
0.594243782036993 0 0 0 0 1 0 0 0 0 1 0 0 0 1 0 0 1
-0.972566466604741 0 0 1 0 0 0 0 1 0 0 0 0 0 0 1 0 -1
-0.359466804092758 0 0 1 0 0 0 1 0 0 0 0 0 0 0 1 0 -1
-1.72191049856383 0 1 0 0 0 0 1 0 0 0 0 0 0 0 1 0 -1
0.798610336207654 0 1 0 0 0 0 1 0 0 0 0 0 0 0 1 0 -1
0.457999412589886 0 0 0 0 1 0 0 0 0 1 0 0 0 0 1 0 1
-0.631955542986973 0 0 1 0 0 0 1 0 0 0 0 0 0 1 0 0 -1
-1.38129957494606 0 1 0 0 0 0 1 0 0 0 0 0 0 0 1 0 -1
-0.155100249922097 0 1 0 0 0 0 1 0 0 0 0 0 0 1 0 0 -1
0.253632858419225 0 0 1 0 0 0 1 0 0 0 0 0 0 0 1 0 -1
-2.47125453052292 0 0 0 1 0 0 1 0 0 0 0 0 0 0 1 0 -1
2.09293184595517 0 0 1 0 0 0 1 0 0 0 0 0 0 0 1 0 1
1.13922125982542 0 0 1 0 0 0 1 0 0 0 0 0 0 0 1 0 -1
-1.24505520549896 0 0 1 0 0 0 1 0 0 0 0 0 0 1 0 0 -1
-0.631955542986973 0 0 0 1 0 0 1 0 0 0 0 0 0 0 1 0 1
-0.700077727710527 0 1 0 0 0 0 1 0 0 0 0 0 0 0 1 0 -1
-0.495711173539866 0 0 0 0 1 0 0 0 0 0 1 0 0 0 1 0 -1
0.185510673695671 0 0 0 0 1 0 0 0 0 1 0 0 0 0 1 0 1
-0.904444281881188 0 1 0 0 0 0 1 0 0 0 0 0 0 0 1 0 -1
0.0492663042485638 0 0 1 0 0 0 0 0 0 1 0 0 0 0 1 0 1
-0.563833358263419 0 0 1 0 0 0 1 0 0 0 0 0 0 0 1 0 -1
-0.427588988816312 0 0 0 0 1 0 0 0 0 1 0 0 0 0 1 0 1
1.41170999871964 0 0 1 0 0 0 0 0 0 0 1 0 0 0 1 0 1
0.457999412589886 0 0 0 0 1 0 0 0 0 0 1 0 0 0 1 0 1
0.594243782036993 0 0 0 0 1 0 0 0 0 1 0 0 0 0 1 0 1
-0.155100249922097 0 0 0 0 1 0 0 0 1 0 0 0 0 0 1 0 1
1.00297689037832 0 0 0 0 1 0 0 1 0 0 0 0 0 1 0 0 1
-0.0188558804749899 0 0 0 0 1 0 0 0 0 1 0 0 0 0 1 0 1
-1.44942175966962 0 0 0 0 1 0 0 0 0 1 0 0 0 0 1 0 -1
1.41170999871964 0 0 0 0 1 0 0 0 0 1 0 0 0 0 1 0 1
-1.10881083605185 0 1 0 0 0 0 1 0 0 0 0 0 0 0 1 0 -1
-2.19876579162871 0 1 0 0 0 0 1 0 0 0 0 0 0 0 1 0 -1
-2.47125453052292 0 1 0 0 0 0 1 0 0 0 0 0 0 0 1 0 -1
0.662365966760547 0 0 0 0 1 0 0 0 0 0 1 0 0 0 1 0 1
0.117388488972117 0 0 1 0 0 0 1 0 0 0 0 0 0 0 1 0 -1
-0.972566466604741 0 0 0 0 1 0 0 0 0 1 0 0 0 0 1 0 1
-1.31317739022251 0 0 0 0 1 0 0 0 0 0 1 0 0 0 1 0 1
0.457999412589886 0 0 0 1 0 0 0 0 1 0 0 0 0 0 1 0 -1
0.934854705654762 0 0 1 0 0 0 1 0 0 0 0 0 0 0 1 0 -1
-0.972566466604741 0 0 0 1 0 0 1 0 0 0 0 0 0 0 1 0 -1
-0.291344619369205 0 0 1 0 0 0 0 0 0 1 0 0 0 0 1 0 -1
-0.359466804092758 0 0 0 1 0 0 0 1 0 0 0 0 0 0 1 0 1
-0.563833358263419 0 0 0 0 1 0 0 0 0 1 0 0 0 0 1 0 -1
-0.0869780651985435 0 0 0 0 1 0 0 0 0 0 1 0 0 0 1 0 1
-0.223222434645651 0 0 0 0 1 0 0 0 0 1 0 0 0 0 1 0 1
-1.72191049856383 0 1 0 0 0 0 1 0 0 0 0 0 0 0 1 0 -1
-0.495711173539866 0 0 0 0 1 0 0 0 0 1 0 0 0 0 1 0 1
-2.60749889997003 0 0 0 0 1 0 0 0 0 1 0 0 0 0 1 0 1
0.662365966760547 0 0 1 0 0 0 0 0 0 1 0 0 0 0 1 0 1
-0.359466804092758 0 1 0 0 0 0 1 0 0 0 0 0 0 0 1 0 -1
0.662365966760547 0 0 0 0 1 0 0 0 0 0 1 0 0 0 1 0 1
0.730488151484101 0 0 0 0 1 0 0 0 1 0 0 0 0 0 1 0 1
-0.972566466604741 0 0 0 1 0 0 0 0 1 0 0 0 0 1 0 0 1
1.13922125982542 0 0 0 1 0 0 0 1 0 0 0 0 0 0 1 0 1
-0.904444281881188 0 1 0 0 0 0 1 0 0 0 0 0 1 0 0 0 1
1.68419873761385 0 0 0 0 1 0 0 0 0 1 0 0 0 0 1 0 1
-0.700077727710527 0 0 1 0 0 0 0 0 0 1 0 0 0 0 1 0 -1
-0.972566466604741 0 1 0 0 0 0 1 0 0 0 0 0 0 0 1 0 -1
1.13922125982542 0 0 0 1 0 0 0 0 1 0 0 0 0 0 1 0 1
0.321755043142779 0 0 0 0 1 0 0 0 0 0 1 0 0 0 1 0 -1
0.798610336207654 0 0 0 0 1 0 0 0 1 0 0 0 0 0 1 0 1
-0.0188558804749899 0 0 1 0 0 0 1 0 0 0 0 0 0 0 1 0 -1
0.389877227866332 0 0 0 1 0 0 0 0 0 1 0 0 0 0 1 0 1
-0.0188558804749899 0 0 0 1 0 0 0 0 0 1 0 0 0 0 1 0 1
-0.223222434645651 0 0 0 0 1 0 0 0 0 1 0 0 0 0 1 0 1
-0.904444281881188 0 1 0 0 0 0 1 0 0 0 0 0 0 0 1 0 -1
0.52612159731344 0 0 0 0 1 0 0 0 0 1 0 0 0 0 1 0 1
0.457999412589886 0 0 0 0 1 0 0 0 0 0 1 0 0 0 1 0 1
-0.631955542986973 0 1 0 0 0 0 1 0 0 0 0 0 0 0 1 0 -1
0.662365966760547 0 0 1 0 0 0 1 0 0 0 0 0 0 0 1 0 -1
0.117388488972117 0 0 0 1 0 0 0 0 1 0 0 0 0 0 1 0 1
0.730488151484101 0 0 0 0 1 0 0 0 0 0 1 0 0 0 1 0 1
-0.700077727710527 0 1 0 0 0 0 1 0 0 0 0 0 0 0 1 0 -1
1.47983218344319 0 0 0 0 1 0 0 0 0 0 1 0 0 0 1 0 1
-1.38129957494606 0 1 0 0 0 0 1 0 0 0 0 0 0 0 1 0 -1
-0.359466804092758 0 0 0 0 1 0 0 0 0 0 1 0 0 0 1 0 1
0.117388488972117 0 0 0 0 1 0 0 0 0 1 0 0 0 0 1 0 -1
1.27546562927253 0 0 0 1 0 0 1 0 0 0 0 0 0 0 1 0 1
0.253632858419225 0 0 0 0 1 0 0 0 0 0 1 0 0 0 1 0 -1
-0.291344619369205 0 1 0 0 0 0 1 0 0 0 0 0 0 0 1 0 -1
-0.904444281881188 0 0 0 1 0 0 0 0 0 1 0 0 0 0 1 0 1
-1.38129957494606 0 0 1 0 0 0 0 0 0 1 0 0 0 0 1 0 -1
-0.904444281881188 0 1 0 0 0 0 1 0 0 0 0 0 0 0 1 0 -1
-0.836322097157634 0 0 1 0 0 0 1 0 0 0 0 0 0 0 1 0 -1
0.457999412589886 0 0 0 0 1 0 0 0 0 1 0 0 0 0 1 0 1
-1.92627705273449 0 0 1 0 0 0 1 0 0 0 0 0 0 0 1 0 -1
-2.60749889997003 0 0 0 0 1 0 0 0 1 0 0 0 0 0 1 0 1
0.117388488972117 0 0 0 0 1 0 0 0 0 1 0 0 0 0 1 0 1
0.253632858419225 0 0 1 0 0 0 1 0 0 0 0 0 0 0 1 0 -1
-1.04068865132829 0 0 0 1 0 0 0 1 0 0 0 0 0 0 1 0 1
-2.40313234579937 0 1 0 0 0 0 1 0 0 0 0 0 0 0 1 0 -1
1.27546562927253 0 0 0 0 1 0 0 0 1 0 0 0 0 0 1 0 1
-2.26688797635226 0 1 0 0 0 0 1 0 0 0 0 0 0 0 1 0 -1
0.117388488972117 0 0 0 0 1 0 0 0 1 0 0 0 0 0 1 0 -1
0.117388488972117 0 0 0 0 1 0 0 0 1 0 0 0 0 0 1 0 1
-0.0188558804749899 0 0 1 0 0 0 1 0 0 0 0 0 0 1 0 0 -1
0.457999412589886 0 0 1 0 0 0 1 0 0 0 0 0 0 0 1 0 -1
-0.0869780651985435 0 1 0 0 0 0 1 0 0 0 0 0 0 0 1 0 -1
1.07109907510187 0 1 0 0 0 0 1 0 0 0 0 0 0 0 1 0 1
0.662365966760547 0 0 0 1 0 0 0 0 1 0 0 0 0 0 1 0 -1
0.866732520931208 0 0 0 0 1 0 0 0 0 1 0 0 0 0 1 0 -1
0.594243782036993 0 1 0 0 0 0 1 0 0 0 0 0 0 0 1 0 -1
-0.0869780651985435 0 0 1 0 0 0 0 0 0 1 0 0 0 0 1 0 -1
-0.495711173539866 0 0 0 0 1 0 0 0 0 1 0 0 0 0 1 0 1
0.185510673695671 0 0 0 0 1 0 0 0 1 0 0 0 0 0 1 0 -1
0.185510673695671 0 0 0 1 0 0 0 0 0 1 0 0 0 0 1 0 1
1.00297689037832 0 1 0 0 0 0 1 0 0 0 0 0 1 0 0 0 -1
1.00297689037832 0 1 0 0 0 0 0 0 0 1 0 0 0 0 1 0 1
0.253632858419225 0 0 1 0 0 0 1 0 0 0 0 0 0 0 1 0 -1
0.117388488972117 0 0 1 0 0 0 0 0 0 1 0 0 0 0 1 0 -1
-0.155100249922097 0 0 0 0 1 0 0 0 0 0 1 0 0 0 1 0 -1
-0.0869780651985435 0 0 0 0 1 0 0 0 0 1 0 0 0 0 1 0 1
-0.155100249922097 0 0 1 0 0 0 1 0 0 0 0 0 0 0 1 0 -1
1.07109907510187 0 0 0 0 1 0 0 0 0 1 0 0 0 0 1 0 1
0.798610336207654 0 0 0 0 1 0 0 0 0 0 1 0 0 0 1 0 1
0.866732520931208 0 0 0 0 1 0 0 0 0 1 0 0 0 0 1 0 1
0.0492663042485638 0 0 1 0 0 0 0 0 0 1 0 0 0 0 1 0 -1
-1.38129957494606 0 0 1 0 0 0 1 0 0 0 0 0 0 0 1 0 -1
-0.223222434645651 0 0 0 0 1 0 0 0 0 1 0 0 0 0 1 0 1
-0.563833358263419 0 0 1 0 0 0 1 0 0 0 0 0 0 0 1 0 -1
0.0492663042485638 0 0 0 0 1 0 0 0 0 0 1 0 0 0 1 0 1
0.594243782036993 0 0 0 0 1 0 0 0 0 0 1 0 0 0 1 0 -1
0.730488151484101 0 0 0 0 1 0 0 0 0 0 1 0 0 0 1 0 1
0.457999412589886 0 0 0 1 0 0 0 0 1 0 0 0 0 0 1 0 -1
